162 188 170 171 146 105 150 121 133 186 134 101
129 86 97 137 97 86 142 90 117 209 171 139
187 139 111 193 121 176 135 181 48 139 170 45
95 189 105 180 111 187 185 179 214 171 156 189
212 196 193 209 201 207 208 195 196 219 212 199
198 199 228 211 202 208 195 206 200 208 207 215
197 204 210 199 200 197 209 209 202 202 197 217
187 197 206 217 201 185 214 192 193 203 220 218
218 190 190 209 197 208 188 204 201 197 208 200
211 210 199 195 187 181 212 187 194 211 204 215
215 226 204 221 195 187 183 186 172 180 188 183
179 181 172 188 180 185 177 173 186 174 183 165
