147 137 156 171 174 135 145 171 164 135 120 116
121 105 132 171 133 113 85 167 71 106 36 46
95 78 94 151 82 107 111 123 5 127 195 51
115 143 130 144 151 157 156 195 194 180 175 184
171 200 205 218 207 209 194 182 194 197 190 190
203 190 181 202 205 183 207 192 193 205 206 196
210 200 198 204 190 197 210 191 204 203 178 168
203 178 177 182 171 183 206 179 202 209 189 203
200 202 210 176 180 180 190 191 191 187 205 198
207 197 207 194 213 188 193 195 166 202 190 200
223 213 218 190 181 191 184 188 188 194 183 176
171 179 174 163 162 156 156 162 154 185 153 162
