171 200 205 218 207 209 194 182 194 197 190 190
203 190 181 202 205 183 207 192 193 205 206 196
210 200 198 204 190 197 210 191 204 203 178 168
203 178 177 182 171 183 206 179 202 209 189 203
200 202 210 176 180 180 190 191 191 187 205 198
207 197 207 194 213 188 193 195 166 202 190 200
223 213 218 190 181 191 184 188 188 194 183 176
171 179 174 163 162 156 156 162 154 185 153 162
171 122 167 145 181 139 178 157 191 133 180 96
134 180 116 114 125 134 58 11 103 96 109 106
60 70 102 70 63 81 80 135 46 108 90 138
118 92 73 107 123 140 175 174 178 183 185 156
