180 172 176 158 165 168 171 157 166 175 185 163
157 159 158 153 155 160 167 176 157 181 180 189
185 201 180 177 168 153 167 156 154 151 146 154
143 149 136 151 165 156 139 150 139 152 135 135
147 149 145 114 151 152 142 148 149 148 195 146
124 150 134 168 118 176 118 93 133 128 111 73
103 94 115 116 143 183 142 188 154 148 80 125
135 109 113 114 97 142 145 155 99 163 111 153
159 195 186 159 178 161 168 188 179 174 183 196
172 171 172 166 177 168 164 148 148 165 164 154
158 165 158 167 176 171 168 167 166 162 139 152
159 156 159 165 150 152 168 167 151 159 161 168
