203 207 201 202 196 201 186 202 199 201 204 193
212 205 204 220 197 216 208 183 195 212 199 201
204 213 216 218 208 194 216 194 188 190 201 194
212 203 204 200 207 191 197 206 196 208 202 194
183 195 189 194 194 195 175 191 185 181 190 183
196 190 195 216 198 206 198 199 196 200 199 187
208 205 216 200 200 197 202 197 186 170 168 175
178 169 167 166 160 164 187 163 144 185 171 144
162 188 170 171 146 105 150 121 133 186 134 101
129 86 97 137 97 86 142 90 117 209 171 139
187 139 111 193 121 176 135 181 48 139 170 45
95 189 105 180 111 187 185 179 214 171 156 189
