177 181 170 164 168 172 166 177 162 162 156 162
169 154 163 152 154 158 180 159 171 174 196 179
177 176 168 172 164 157 149 157 162 148 143 157
139 145 150 155 139 128 132 135 140 137 134 148
123 122 117 147 178 121 125 93 115 130 116 136
121 119 100 127 111 60 43 139 145 121 139 75
33 109 127 108 40 79 18 114 50 119 96 99
107 136 114 127 77 113 124 126 149 147 133 145
190 174 183 170 175 175 170 164 160 160 153 161
179 170 168 167 172 181 175 168 172 168 170 142
171 170 166 171 150 163 175 175 167 165 173 182
180 166 165 159 165 170 175 171 161 172 166 170
