227 196 193 210 205 188 200 198 206 200 191 201
193 204 180 198 180 193 190 200 193 200 186 191
204 206 195 202 187 194 196 183 191 185 191 183
196 192 194 193 191 181 187 190 193 194 200 201
190 191 203 201 180 183 198 207 188 195 192 190
196 194 189 185 186 187 213 201 179 203 209 211
203 209 204 193 193 171 178 172 193 176 173 154
166 170 168 177 162 167 133 163 156 169 152 161
153 150 162 183 152 132 160 148 153 140 154 146
167 87 126 120 103 121 163 88 71 80 140 99
126 170 110 10 69 73 154 109 84 50 132 83
104 54 125 106 77 155 143 146 171 171 160 177
