139 120 148 147 145 128 132 136 156 123 76 104
109 114 78 54 74 35 66 124 34 40 105 129
51 72 95 56 46 36 122 99 46 65 97 127
52 102 129 70 121 139 121 128 168 152 150 140
168 160 179 160 171 165 164 172 160 176 161 158
164 166 167 152 153 165 163 158 174 161 165 165
165 166 154 165 145 165 163 170 168 164 163 164
159 156 161 141 152 152 152 160 160 152 158 169
164 158 171 159 168 159 176 169 171 169 174 160
150 151 164 160 159 160 162 156 167 172 140 185
198 181 173 182 159 148 161 159 153 154 147 159
158 160 154 152 144 126 150 164 144 139 159 139
