166 158 169 179 145 176 152 170 193 187 157 164
165 153 191 169 196 176 175 147 158 169 170 177
196 193 190 167 170 161 159 169 159 168 150 160
149 140 161 177 156 149 171 144 148 188 175 156
157 210 197 184 186 147 188 153 164 143 164 165
216 159 203 180 179 124 188 207 123 163 191 190
170 190 191 192 69 73 119 97 85 78 63 140
106 90 147 63 35 110 166 145 202 84 143 156
168 243 212 154 154 180 152 186 192 178 154 195
223 195 160 161 201 183 200 185 203 187 207 172
176 186 193 173 195 184 211 205 165 184 177 174
181 164 183 185 147 181 159 145 162 177 201 166
