164 158 171 159 168 159 176 169 171 169 174 160
150 151 164 160 159 160 162 156 167 172 140 185
198 181 173 182 159 148 161 159 153 154 147 159
158 160 154 152 144 126 150 164 144 139 159 139
132 145 145 142 129 160 112 120 109 173 91 136
71 103 140 96 121 105 111 113 113 105 40 72
29 112 104 141 84 33 85 102 99 95 104 109
99 130 121 122 152 132 153 137 137 143 163 137
190 185 181 173 160 155 164 160 155 171 172 155
158 175 161 163 159 162 164 164 168 165 168 160
170 167 168 162 151 167 168 151 168 162 151 148
170 162 154 150 162 170 153 162 148 158 164 158
