168 164 155 151 164 149 162 153 151 151 164 172
166 155 155 152 147 154 156 157 176 178 178 195
191 194 194 160 175 140 148 135 164 146 145 145
137 156 138 142 140 147 132 136 147 134 139 129
138 107 141 142 122 82 121 123 139 134 141 104
82 141 106 25 91 151 78 165 98 14 34 52
72 49 71 25 0 97 144 16 65 11 101 97
108 147 140 167 112 151 114 142 160 160 167 148
179 177 167 168 167 163 163 157 160 165 149 161
152 153 172 166 173 163 163 156 147 163 173 181
174 174 179 171 165 179 172 186 179 179 171 172
167 169 164 170 169 176 165 166 171 172 165 170
