177 211 164 153 153 170 161 163 134 163 162 177
153 164 151 159 163 163 171 149 167 151 162 166
169 178 169 180 165 185 171 142 158 150 172 173
163 184 145 163 162 164 179 159 134 172 138 167
150 152 153 174 185 174 150 148 170 151 181 153
150 135 145 151 134 158 153 164 159 128 150 156
148 143 153 157 151 160 144 146 159 163 165 159
155 130 150 121 136 139 128 150 129 126 147 157
147 140 148 133 124 133 155 128 102 143 113 102
117 95 137 84 149 64 64 89 73 54 112 66
71 142 99 78 138 31 26 68 118 48 54 53
110 150 132 112 129 136 160 135 146 168 163 140
