154 165 140 127 127 130 124 120 151 77 85 132
103 121 90 80 151 91 162 122 126 82 155 40
46 74 117 14 102 102 62 96 95 70 66 67
152 97 114 143 168 117 201 116 148 163 148 138
192 184 185 175 150 172 167 166 177 163 166 181
183 173 182 182 189 173 190 172 180 170 172 157
173 175 173 172 163 168 174 167 175 171 170 164
181 180 162 173 152 148 158 177 170 173 169 172
175 177 170 166 165 163 168 164 165 159 167 171
178 178 172 172 170 175 171 191 173 173 180 197
178 161 171 191 185 170 162 161 164 150 136 157
158 154 158 146 150 140 134 151 153 147 93 137
