168 177 177 167 185 190 193 173 189 168 189 202
176 176 182 174 171 148 166 190 188 199 169 190
194 177 188 171 153 183 196 181 174 174 186 161
168 178 170 157 175 177 166 146 179 171 182 158
133 160 147 124 147 140 107 190 139 130 103 98
106 186 98 148 100 24 45 136 129 102 62 120
106 15 88 136 97 57 74 101 23 86 82 74
61 133 70 139 157 169 143 101 168 145 179 184
172 203 201 199 188 165 189 176 193 175 187 194
196 199 205 211 186 182 188 190 172 191 205 188
198 200 192 186 187 187 184 185 193 201 189 195
199 201 203 199 189 203 208 190 178 172 185 187
