213 204 214 210 194 184 207 187 188 202 178 197
180 182 196 194 206 197 187 191 197 190 207 181
185 178 196 198 213 202 195 204 218 214 198 181
210 195 208 197 196 189 192 185 167 192 191 201
205 177 188 194 192 202 189 200 187 184 185 184
194 189 191 184 210 211 196 186 203 213 221 208
212 201 196 209 185 181 168 173 166 190 154 170
178 170 172 178 184 166 172 169 158 183 161 163
155 131 178 205 124 163 157 98 197 179 149 131
110 72 54 156 119 33 138 121 75 81 108 110
158 66 95 52 91 76 70 25 24 35 76 106
91 109 130 171 172 141 154 184 164 158 162 182
