193 195 184 189 210 208 167 171 197 202 176 182
181 195 191 179 196 190 161 187 186 190 194 177
191 183 174 183 158 179 156 174 185 167 162 143
159 167 194 149 143 186 164 179 144 122 165 170
198 147 174 175 116 139 117 109 146 127 126 124
144 159 104 148 89 96 109 165 128 64 81 162
68 72 117 80 149 76 10 0 106 65 116 135
68 126 102 50 157 147 125 205 144 156 166 129
224 208 207 210 211 222 188 197 212 193 194 195
207 220 204 203 197 203 206 195 211 208 195 222
210 197 210 214 200 204 202 203 208 179 204 193
216 196 207 203 195 183 180 211 202 198 198 201
