164 140 137 193 173 163 165 157 153 177 148 141 122 221 159 116 121 121 191 230
146 73 150 67 158 135 68 74 30 51 50 109 112 137 107 62 185 150 127 154
125 162 165 159 184 180 165 170 187 197 188 199 182 186 187 186 188 188 190 170
186 182 192 186 181 180 191 186 195 181 188 183 190 181 180 186 182 187 187 188
193 191 199 193 189 184 187 196 198 188 177 189 192 184 184 180 182 183 176 198
188 180 175 177 181 178 174 166 166 176 189 167 160 171 175 192 183 195 195 189
194 208 178 193 182 181 166 191 156 176 173 178 179 180 175 187 175 186 188 157
168 185 176 183 180 165 176 163 181 167 164 158 153 195 149 195 161 75 87 169
125 185 137 140 142 104 151 166 92 61 189 154 154 0 67 29 72 147 122 193
151 182 136 81 109 123 149 157 175 188 163 172 207 203 190 186 194 186 184 185
185 189 188 182 181 182 176 190 187 180 187 185 192 198 203 197 204 192 197 193
188 192 188 188 193 196 191 195 191 184 186 191 188 193 188 195 181 187 184 185
182 202 181 179 195 182 184 193 179 184 187 187 166 163 180 179 178 183 174 172
190 197 189 196 208 202 189 192 173 169 190 155 175 178 190 200 173 193 173 190
178 170 202 189 195 206 180 185 181 189 195 182 153 165 207 167 177 185 147 196
