176 167 161 160 181 160 173 166 158 156 172 169
188 166 165 157 149 166 167 163 160 174 168 181
163 164 181 167 164 156 165 146 162 156 154 139
155 148 144 133 141 144 154 142 125 127 180 127
147 151 111 118 171 130 164 138 137 137 128 124
72 114 87 109 67 143 133 131 89 72 121 79
149 136 44 111 73 43 47 87 77 75 23 104
78 71 120 186 154 166 120 170 137 142 150 140
196 170 167 182 177 162 173 171 178 172 165 173
167 176 155 171 155 167 164 173 167 173 161 165
176 178 169 175 161 168 169 158 165 160 165 158
169 166 168 167 165 156 162 164 166 167 173 173
