218 198 211 202 177 197 194 199 203 199 188 197
204 190 191 199 195 185 206 197 191 191 183 187
197 194 190 212 194 194 199 193 200 191 196 200
204 206 198 191 197 198 196 188 170 193 192 188
195 192 193 198 188 200 184 201 194 217 193 204
202 201 201 201 203 200 202 195 196 216 221 225
198 210 203 200 189 202 171 192 190 191 178 178
163 163 182 179 181 172 166 159 165 174 166 164
178 191 162 147 147 151 144 139 175 90 99 153
119 140 104 93 174 106 188 141 145 95 180 46
53 86 136 17 118 118 72 111 109 81 76 77
176 112 132 165 195 135 233 135 171 189 172 160
