212 221 201 188 198 194 190 197 194 192 199 193
192 197 192 205 200 185 197 189 205 212 219 204
209 209 207 208 194 199 193 201 196 196 203 207
208 190 194 201 190 206 203 217 199 200 197 184
199 222 190 195 204 187 208 206 184 186 194 190
165 174 179 180 173 177 175 176 206 210 206 215
229 214 210 210 196 176 196 148 176 180 179 199
163 194 175 187 165 167 194 184 190 192 184 183
166 186 202 178 143 165 200 162 182 190 122 190
135 185 147 120 189 176 101 147 129 115 184 158
152 106 138 212 199 144 166 182 194 120 56 26
101 83 94 79 111 104 163 164 182 164 159 201
