193 177 178 167 174 178 180 186 180 183 172 185 193 180 189 175 183 186 161 178
182 178 177 187 167 173 204 187 177 175 187 182 164 186 166 189 180 179 184 195
195 195 183 200 195 190 200 183 197 191 197 188 190 194 182 204 192 190 184 184
186 179 193 191 163 180 199 177 189 165 186 183 175 190 184 185 169 152 160 160
164 178 168 177 200 160 148 163 155 162 160 171 165 156 173 181 180 186 178 171
189 122 137 103 140 157 181 127 171 215 189 196 223 132 148 102 96 82 145 165
185 112 139 136 161 196 181 158 231 236 218 197 223 199 197 197 192 196 176 159
177 180 167 183 154 173 180 193 159 177 179 183 180 182 178 184 212 195 171 194
186 180 182 183 178 179 194 198 177 187 170 159 182 191 194 190 186 186 172 160
165 173 186 183 197 165 188 178 203 183 179 177 175 186 187 186 196 187 173 178
171 191 196 187 194 188 183 162 177 181 159 177 162 171 170 181 180 165 167 179
176 177 174 164 209 177 197 166 160 180 160 85 192 171 157 175 154 109 76 97
43 130 180 153 51 79 66 188 175 42 127 55 71 113 11 163 174 156 149 156
123 152 145 190 184 176 159 162 166 159 159 183 205 189 188 185 174 179 171 180
187 186 179 173 183 178 176 179 182 174 173 188 185 177 180 179 181 179 188 184
