171 137 135 166 147 165 138 155 152 153 156 157
170 140 182 170 164 147 162 148 160 143 146 169
159 142 134 141 172 148 117 147 147 146 144 133
126 119 145 123 139 129 140 149 164 98 156 127
147 96 151 139 123 88 184 156 65 89 154 182
119 70 21 72 100 155 25 0 110 82 65 92
80 23 79 142 41 142 95 120 97 67 111 85
125 124 88 117 125 136 116 107 96 119 155 134
174 175 188 173 200 204 163 184 181 200 198 185
206 182 187 198 207 190 197 206 186 184 189 185
194 195 174 195 196 203 200 171 201 193 200 204
176 160 179 177 143 176 177 191 186 138 168 192
