132 145 145 142 129 160 112 120 109 173 91 136
71 103 140 96 121 105 111 113 113 105 40 72
29 112 104 141 84 33 85 102 99 95 104 109
99 130 121 122 152 132 153 137 137 143 163 137
190 185 181 173 160 155 164 160 155 171 172 155
158 175 161 163 159 162 164 164 168 165 168 160
170 167 168 162 151 167 168 151 168 162 151 148
170 162 154 150 162 170 153 162 148 158 164 158
168 189 162 167 163 154 164 170 174 182 140 160
171 151 163 157 152 160 171 170 183 180 189 162
177 178 180 168 156 162 162 160 149 148 160 136
156 156 134 135 140 147 145 126 140 140 116 143
