159 195 186 159 178 161 168 188 179 174 183 196
172 171 172 166 177 168 164 148 148 165 164 154
158 165 158 167 176 171 168 167 166 162 139 152
159 156 159 165 150 152 168 167 151 159 161 168
144 166 159 176 152 157 156 177 178 168 165 177
174 170 173 160 172 176 172 161 171 168 166 173
165 170 172 155 175 152 179 169 135 163 166 160
162 144 147 157 141 161 144 138 138 128 132 138
140 153 145 138 162 137 134 120 128 130 141 149
145 124 165 153 157 155 130 137 155 73 115 90
126 149 152 106 137 167 156 186 177 129 95 98
99 74 156 128 168 102 136 103 137 189 154 167
