154 66 116 130 59 128 90 109 164 144 117 173 123 159 153 145 213 189 205 190
189 193 178 173 187 163 169 174 175 188 183 187 177 182 183 178 190 194 180 186
178 176 180 190 176 187 182 186 194 164 179 190 199 177 185 177 178 156 170 177
173 185 184 178 188 180 179 180 187 174 194 186 181 174 170 176 186 186 190 180
184 175 177 167 175 181 180 177 179 178 179 193 166 172 180 180 184 170 208 162
160 150 167 186 172 175 163 175 164 155 172 159 162 161 182 143 154 123 162 158
145 171 210 64 152 166 146 134 181 211 178 85 90 131 107 32 95 98 96 189
153 154 21 126 183 141 123 203 182 150 181 174 128 230 118 158 212 122 177 151
170 189 198 185 186 180 205 199 180 174 181 181 191 163 197 187 190 195 188 195
208 176 180 181 194 190 182 188 179 173 181 170 177 177 179 182 186 190 187 203
195 183 178 178 192 177 177 172 185 186 189 183 186 182 183 200 191 192 206 182
191 195 171 185 195 189 169 184 167 189 184 198 157 195 170 184 181 183 166 153
187 169 176 145 167 165 154 172 183 153 169 173 187 167 164 163 146 156 187 172
148 173 152 139 168 140 214 180 118 117 159 164 137 97 156 111 95 89 77 149
171 134 116 53 102 79 86 143 19 75 86 66 83 109 192 165 81 39 148 198
