194 183 199 181 174 184 189 163 173 168 182 166 178 170 173 183 172 183 171 192
162 158 171 180 173 177 188 176 150 161 189 170 175 149 163 142 147 163 141 173
183 178 190 141 156 160 162 167 148 175 157 141 152 149 119 125 154 146 172 109
128 127 141 135 127 95 129 152 141 149 142 164 67 74 75 129 79 34 65 44
50 105 95 120 162 98 113 162 107 105 154 116 103 166 140 141 223 149 187 166
178 192 192 201 181 193 204 192 199 177 188 166 194 174 175 176 186 164 180 181
166 195 189 185 191 202 178 199 197 167 144 167 167 174 169 164 181 186 180 195
180 196 177 188 189 182 178 162 150 199 202 193 192 155 164 175 168 181 164 165
205 186 158 162 173 184 180 181 183 168 159 162 178 174 171 179 159 152 144 183
156 167 123 161 148 176 157 168 160 181 152 159 183 163 183 186 146 183 139 128
137 159 120 162 183 155 136 167 184 134 86 118 133 111 35 68 118 139 115 83
66 163 131 127 99 99 77 100 47 47 197 108 73 111 99 151 149 77 86 142
204 161 174 167 236 197 172 169 184 171 170 149 200 166 179 161 171 171 169 177
161 159 146 175 169 191 156 154 171 149 158 163 185 168 187 156 165 166 171 159
175 169 172 159 158 175 156 168 187 157 169 178 156 178 150 166 165 176 184 177
