223 213 214 203 173 200 193 192 205 189 193 210
212 200 211 210 219 200 221 199 208 197 199 182
200 202 200 199 188 195 201 193 202 198 196 190
209 208 188 200 176 171 183 205 197 201 196 200
203 205 196 192 191 189 195 190 191 184 193 198
206 206 199 199 197 202 198 221 200 200 208 228
206 187 198 222 214 197 187 186 190 174 158 181
183 179 183 169 174 163 156 175 177 170 107 159
156 189 188 180 189 194 168 175 174 158 207 188
181 142 181 169 178 116 172 170 213 133 154 201
156 189 150 154 102 50 186 200 123 116 128 187
120 135 163 152 181 144 150 167 162 174 178 162
