141 148 150 147 146 151 149 142 131 145 136 127
151 143 118 128 146 156 113 133 136 87 60 94
98 130 114 70 161 90 107 68 67 161 144 136
148 80 129 60 73 142 142 148 111 88 56 67
177 211 164 153 153 170 161 163 134 163 162 177
153 164 151 159 163 163 171 149 167 151 162 166
169 178 169 180 165 185 171 142 158 150 172 173
163 184 145 163 162 164 179 159 134 172 138 167
150 152 153 174 185 174 150 148 170 151 181 153
150 135 145 151 134 158 153 164 159 128 150 156
148 143 153 157 151 160 144 146 159 163 165 159
155 130 150 121 136 139 128 150 129 126 147 157
