195 207 217 172 170 189 179 181 193 185 168 157
181 182 185 157 163 180 192 190 188 173 178 170
158 169 183 176 187 164 171 174 196 198 135 201
174 176 175 185 171 170 171 161 189 168 166 153
166 158 169 179 145 176 152 170 193 187 157 164
165 153 191 169 196 176 175 147 158 169 170 177
196 193 190 167 170 161 159 169 159 168 150 160
149 140 161 177 156 149 171 144 148 188 175 156
157 210 197 184 186 147 188 153 164 143 164 165
216 159 203 180 179 124 188 207 123 163 191 190
170 190 191 192 69 73 119 97 85 78 63 140
106 90 147 63 35 110 166 145 202 84 143 156
