212 207 199 179 189 190 205 187 188 196 197 174
185 201 183 178 188 180 186 187 187 192 182 188
196 191 187 199 192 191 193 175 182 190 195 190
192 199 188 170 180 194 192 178 198 194 186 186
194 198 188 189 185 212 189 180 181 177 176 180
168 181 161 179 170 175 184 201 202 205 205 214
213 207 209 196 180 167 183 176 187 182 169 176
171 185 156 167 144 174 157 153 155 134 145 155
160 139 171 170 168 148 153 158 181 142 88 121
126 132 91 63 86 41 77 144 39 46 122 149
59 84 110 64 53 42 141 115 54 75 113 147
60 119 150 81 140 161 140 148 194 175 173 162
