169 161 139 131 121 145 109 184 130 154 178 203 154 134 159 125 130 149 62 105
122 60 127 125 105 129 94 150 102 106 195 205 205 229 214 181 161 164 182 186
173 197 181 174 165 191 168 168 182 159 184 204 175 187 189 176 189 179 165 187
194 184 183 182 182 181 174 179 170 174 183 184 177 179 178 176 179 181 164 192
196 188 196 176 176 181 192 177 196 180 185 195 185 190 186 177 168 180 188 166
183 183 173 172 162 181 186 174 177 180 180 169 181 191 168 175 172 195 182 202
155 158 185 177 179 164 171 181 184 128 192 166 133 153 161 203 190 168 152 107
78 126 116 77 83 118 43 125 174 110 126 85 112 89 45 68 76 83 175 154
125 81 26 151 123 158 153 135 152 130 119 169 169 171 167 149 200 200 185 192
185 180 182 180 176 177 174 186 182 184 178 190 183 184 178 182 190 178 177 175
185 192 188 187 175 192 182 190 183 182 186 177 179 179 186 188 205 179 178 180
171 182 183 180 179 179 183 176 177 183 170 189 181 197 170 182 171 175 176 169
174 171 170 180 184 184 191 189 205 196 192 191 190 175 188 197 171 169 186 166
184 183 175 175 187 196 175 198 177 166 183 137 153 192 146 175 138 136 151 126
86 131 69 155 81 165 97 123 113 66 106 113 137 45 142 25 125 31 53 66
