150 152 153 174 185 174 150 148 170 151 181 153
150 135 145 151 134 158 153 164 159 128 150 156
148 143 153 157 151 160 144 146 159 163 165 159
155 130 150 121 136 139 128 150 129 126 147 157
147 140 148 133 124 133 155 128 102 143 113 102
117 95 137 84 149 64 64 89 73 54 112 66
71 142 99 78 138 31 26 68 118 48 54 53
110 150 132 112 129 136 160 135 146 168 163 140
167 142 137 154 149 142 152 175 164 165 168 172
174 179 170 171 172 166 169 158 165 179 164 163
152 166 175 168 164 181 176 182 170 175 170 177
163 176 181 163 169 175 163 166 155 152 172 163
