136 178 163 142 173 143 159 65 152 164 121 149
94 126 75 134 36 25 60 111 138 137 136 138
140 126 131 135 136 133 138 133 132 140 146 135
139 137 158 133 132 135 153 149 139 158 148 154
182 175 196 182 186 182 175 190 187 195 183 191
193 197 200 180 220 203 197 200 210 195 186 179
189 179 184 189 200 175 183 186 172 171 191 192
187 186 210 182 177 169 162 165 176 163 191 184
176 185 180 200 190 208 145 183 205 202 198 199
163 191 220 187 209 207 197 209 192 168 184 184
149 214 193 179 172 189 193 178 168 160 191 178
165 171 156 167 152 163 182 141 168 141 150 173
