201 212 200 203 197 196 199 192 207 194 187 185
197 193 196 192 189 201 192 205 193 210 221 216
216 234 208 204 197 203 184 165 181 197 175 178
185 170 186 173 172 161 155 156 165 165 171 167
178 176 173 153 149 172 152 149 156 166 166 117
170 145 146 177 164 151 174 196 212 158 162 163
184 204 134 98 172 173 135 159 183 117 119 165
171 187 171 98 59 132 111 187 165 170 187 164
252 218 254 197 214 212 209 218 197 189 198 195
186 201 184 206 186 191 190 191 191 204 207 198
193 196 200 192 200 193 205 193 193 210 185 167
178 175 172 189 199 189 197 198 195 196 210 204
