176 179 164 178 168 179 170 176 170 165 169 148
167 167 174 162 155 155 170 171 178 163 166 162
180 162 170 171 173 169 167 176 170 161 174 169
166 168 164 177 173 172 160 161 173 160 163 158
170 166 156 176 181 165 156 158 163 163 149 146
137 154 167 145 145 148 159 168 166 169 175 172
183 188 165 180 162 156 143 162 126 149 151 149
158 159 151 152 140 146 159 127 133 154 140 143
143 140 151 122 128 130 118 131 108 152 113 154
145 59 83 124 123 179 124 157 126 63 140 114
50 68 154 136 115 5 45 28 59 89 81 161
134 141 139 63 88 121 132 142 142 145 141 147
