147 149 145 114 151 152 142 148 149 148 195 146
124 150 134 168 118 176 118 93 133 128 111 73
103 94 115 116 143 183 142 188 154 148 80 125
135 109 113 114 97 142 145 155 99 163 111 153
159 195 186 159 178 161 168 188 179 174 183 196
172 171 172 166 177 168 164 148 148 165 164 154
158 165 158 167 176 171 168 167 166 162 139 152
159 156 159 165 150 152 168 167 151 159 161 168
144 166 159 176 152 157 156 177 178 168 165 177
174 170 173 160 172 176 172 161 171 168 166 173
165 170 172 155 175 152 179 169 135 163 166 160
162 144 147 157 141 161 144 138 138 128 132 138
