222 156 203 162 171 208 192 212 193 212 255 210
205 200 212 187 226 191 217 197 211 186 200 211
177 227 220 209 212 226 214 222 206 175 151 180
178 181 188 178 198 208 206 196 181 201 179 188
197 187 181 170 158 214 203 207 197 160 161 176
186 184 164 168 213 180 169 178 183 183 184 174
184 167 193 193 206 156 192 194 162 132 149 194
128 155 116 163 147 157 161 151 160 174 151 150
174 169 179 198 149 177 156 99 131 172 113 156
134 146 125 167 178 142 110 91 129 106 32 62
113 84 108 66 53 151 119 102 93 63 87 77
47 48 184 58 78 97 109 146 144 74 87 127
