211 216 213 207 219 199 195 195 206 213 189 213
193 202 205 207 192 201 196 201 198 196 209 201
207 208 203 203 196 187 197 201 191 207 199 196
184 204 183 190 178 179 194 191 200 199 196 203
195 197 197 195 202 186 185 189 183 214 152 213
207 205 183 196 191 200 157 200 181 198 210 206
210 183 179 196 172 182 175 164 186 172 165 170
181 178 167 172 163 154 168 164 152 201 192 180
147 137 156 171 174 135 145 171 164 135 120 116
121 105 132 171 133 113 85 167 71 106 36 46
95 78 94 151 82 107 111 123 5 127 195 51
115 143 130 144 151 157 156 195 194 180 175 184
