217 193 180 179 181 174 193 180 173 186 183 171
197 186 174 170 190 187 189 185 179 181 181 193
192 193 180 195 190 186 193 190 182 193 188 194
189 195 189 181 185 177 190 187 191 170 187 189
192 191 177 183 195 192 186 194 199 194 183 178
168 162 184 180 159 186 162 201 198 202 195 185
187 199 209 212 198 180 180 174 182 187 184 188
182 173 184 166 151 167 174 150 177 163 165 144
168 188 134 164 154 131 138 163 138 178 137 111
66 91 132 98 156 127 146 134 104 128 104 70
195 86 84 140 159 25 120 98 190 121 107 38
107 112 89 151 142 122 166 153 201 160 174 139
