204 213 205 210 206 195 202 204 200 189 197 206
210 199 204 204 204 205 203 217 219 208 213 192
180 204 197 202 198 200 207 214 212 215 209 203
206 199 184 220 185 200 207 198 204 194 204 216
201 212 200 203 197 196 199 192 207 194 187 185
197 193 196 192 189 201 192 205 193 210 221 216
216 234 208 204 197 203 184 165 181 197 175 178
185 170 186 173 172 161 155 156 165 165 171 167
178 176 173 153 149 172 152 149 156 166 166 117
170 145 146 177 164 151 174 196 212 158 162 163
184 204 134 98 172 173 135 159 183 117 119 165
171 187 171 98 59 132 111 187 165 170 187 164
