197 187 181 170 158 214 203 207 197 160 161 176
186 184 164 168 213 180 169 178 183 183 184 174
184 167 193 193 206 156 192 194 162 132 149 194
128 155 116 163 147 157 161 151 160 174 151 150
174 169 179 198 149 177 156 99 131 172 113 156
134 146 125 167 178 142 110 91 129 106 32 62
113 84 108 66 53 151 119 102 93 63 87 77
47 48 184 58 78 97 109 146 144 74 87 127
208 154 168 182 241 199 174 176 200 185 186 172
221 165 180 165 183 191 195 204 154 166 160 188
191 206 162 151 157 172 169 188 199 176 186 153
152 164 181 149 176 166 170 152 165 170 147 189
