216 205 211 209 221 195 191 221 198 196 206 198
201 200 219 209 218 217 196 198 190 208 216 198
208 191 213 191 197 194 208 206 189 200 197 222
190 197 206 200 205 198 206 199 200 198 200 187
193 207 199 176 195 192 202 210 198 199 185 194
204 191 184 204 188 199 193 194 183 214 216 220
220 208 216 199 185 157 166 157 175 188 183 177
173 187 162 147 172 197 167 158 171 151 176 196
189 160 117 165 194 177 133 137 189 199 109 163
87 143 199 38 180 199 116 79 33 104 131 43
174 111 65 97 51 93 75 128 38 31 124 136
139 111 165 131 168 167 198 163 155 125 171 167
