218 189 219 170 185 183 180 189 171 163 171 169
161 174 159 178 161 165 164 165 165 176 179 171
167 169 172 165 173 166 177 167 167 181 160 144
154 151 149 163 172 164 170 171 169 169 181 176
170 178 187 167 175 163 173 158 171 157 182 173
165 166 173 157 168 158 158 179 161 162 176 177
167 147 159 172 162 154 150 140 160 145 138 168
141 147 143 147 152 149 139 147 156 159 159 159
147 154 152 121 159 146 129 152 154 46 134 174
141 147 172 173 74 106 125 130 156 95 129 166
114 49 85 79 98 72 142 92 139 85 113 141
89 59 38 90 90 136 120 131 94 113 138 135
