155 131 178 205 124 163 157 98 197 179 149 131
110 72 54 156 119 33 138 121 75 81 108 110
158 66 95 52 91 76 70 25 24 35 76 106
91 109 130 171 172 141 154 184 164 158 162 182
218 198 211 202 177 197 194 199 203 199 188 197
204 190 191 199 195 185 206 197 191 191 183 187
197 194 190 212 194 194 199 193 200 191 196 200
204 206 198 191 197 198 196 188 170 193 192 188
195 192 193 198 188 200 184 201 194 217 193 204
202 201 201 201 203 200 202 195 196 216 221 225
198 210 203 200 189 202 171 192 190 191 178 178
163 163 182 179 181 172 166 159 165 174 166 164
