192 191 177 183 195 192 186 194 199 194 183 178
168 162 184 180 159 186 162 201 198 202 195 185
187 199 209 212 198 180 180 174 182 187 184 188
182 173 184 166 151 167 174 150 177 163 165 144
168 188 134 164 154 131 138 163 138 178 137 111
66 91 132 98 156 127 146 134 104 128 104 70
195 86 84 140 159 25 120 98 190 121 107 38
107 112 89 151 142 122 166 153 201 160 174 139
209 188 203 183 197 208 208 197 206 190 191 180
205 208 192 183 196 173 199 196 205 205 209 198
195 201 196 174 190 195 193 187 197 196 187 186
175 192 173 182 185 191 183 173 187 185 192 190
