216 224 214 218 218 202 199 201 197 202 206 196
194 175 185 204 209 223 216 193 195 204 203 202
221 224 189 189 174 178 196 196 203 206 196 203
193 197 175 201 220 218 203 180 179 190 177 195
178 195 193 198 185 197 183 213 206 171 196 194
207 182 194 179 186 189 184 215 202 195 201 177
190 175 189 169 196 182 171 188 195 183 188 185
162 176 177 175 177 190 177 170 195 188 185 175
192 171 181 169 165 159 184 171 182 163 157 173
171 152 168 165 214 146 199 158 122 176 157 173
184 105 104 135 137 101 159 156 153 134 112 22
82 72 58 100 125 121 103 123 205 174 178 123
