198 147 174 175 116 139 117 109 146 127 126 124
144 159 104 148 89 96 109 165 128 64 81 162
68 72 117 80 149 76 10 0 106 65 116 135
68 126 102 50 157 147 125 205 144 156 166 129
224 208 207 210 211 222 188 197 212 193 194 195
207 220 204 203 197 203 206 195 211 208 195 222
210 197 210 214 200 204 202 203 208 179 204 193
216 196 207 203 195 183 180 211 202 198 198 201
207 197 185 207 210 186 208 211 201 192 204 203
203 203 217 202 194 198 190 170 192 193 193 188
193 192 196 202 170 176 175 177 183 165 202 152
155 150 164 175 171 157 163 165 165 161 172 138
