193 180 179 181 182 192 163 170 183 167 167 169
179 190 176 175 170 176 178 168 182 179 169 192
181 170 181 185 173 176 174 176 180 155 176 167
186 170 179 176 168 158 156 183 175 171 171 174
179 170 160 179 181 161 180 182 174 166 176 175
175 175 188 175 168 171 164 147 166 167 167 162
166 166 169 174 147 152 151 153 158 143 175 132
134 129 142 151 148 135 141 142 142 139 148 119
133 132 145 108 123 92 133 118 96 128 161 67
171 136 115 104 134 172 164 70 71 88 25 29
78 90 78 139 75 113 15 72 133 122 127 165
160 135 150 123 113 192 145 145 182 74 183 134
