183 195 189 194 194 195 175 191 185 181 190 183
196 190 195 216 198 206 198 199 196 200 199 187
208 205 216 200 200 197 202 197 186 170 168 175
178 169 167 166 160 164 187 163 144 185 171 144
162 188 170 171 146 105 150 121 133 186 134 101
129 86 97 137 97 86 142 90 117 209 171 139
187 139 111 193 121 176 135 181 48 139 170 45
95 189 105 180 111 187 185 179 214 171 156 189
212 196 193 209 201 207 208 195 196 219 212 199
198 199 228 211 202 208 195 206 200 208 207 215
197 204 210 199 200 197 209 209 202 202 197 217
187 197 206 217 201 185 214 192 193 203 220 218
