217 237 217 180 162 178 175 181 180 212 185 179
187 179 167 166 186 154 191 205 189 188 191 177
176 186 170 175 194 188 192 187 171 175 176 187
169 188 180 187 164 184 171 178 165 184 162 201
195 191 202 186 178 181 197 191 195 182 180 200
195 203 175 178 169 179 188 182 197 187 177 174
170 173 181 172 186 195 186 169 185 187 176 179
167 183 172 191 156 151 175 166 159 154 149 176
178 130 180 158 134 159 178 178 182 151 143 64
65 96 100 71 62 121 44 125 155 135 87 82
133 102 40 59 73 42 154 153 98 74 24 156
111 167 152 142 165 149 117 160 149 183 170 141
