202 179 180 193 183 192 192 180 179 185 206 202
168 189 198 193 204 213 186 191 205 210 192 207
212 215 217 219 191 190 180 186 172 159 165 177
166 156 174 166 183 169 178 160 167 177 157 156
167 183 164 178 169 127 200 154 110 130 128 88
114 129 200 25 73 143 144 36 54 143 14 67
63 109 15 72 98 78 135 34 86 165 150 121
128 159 115 127 127 143 149 137 218 157 170 178
204 212 202 203 187 187 189 198 197 206 185 189
192 203 196 191 197 198 193 188 196 198 197 184
198 206 193 192 201 188 195 190 183 179 175 183
175 174 192 176 190 176 183 195 195 187 202 193
