151 182 127 204 155 152 120 173 180 171 150 81
94 197 107 86 53 124 95 56 69 86 71 161
92 170 107 42 36 98 75 132 58 60 124 98
141 101 184 147 92 137 168 168 182 173 181 186
189 211 207 212 202 205 198 200 191 198 191 196
186 185 196 196 193 184 181 182 186 192 184 180
205 211 190 200 206 200 193 195 188 190 200 190
197 206 184 179 190 185 188 190 192 176 189 192
204 193 186 185 210 185 201 192 182 181 199 195
217 193 192 182 172 192 193 189 185 202 195 210
188 190 210 193 190 180 191 169 187 181 179 161
179 171 166 154 163 167 178 164 145 147 209 147
