198 168 141 179 162 174 169 176 171 179 160 162
176 162 158 145 184 151 151 159 165 160 160 170
175 165 153 176 152 168 173 168 150 142 155 142
141 138 168 133 160 139 166 163 154 147 171 164
146 167 159 157 155 165 147 174 166 171 179 159
147 176 141 155 148 174 168 170 158 184 164 163
166 161 149 148 160 140 143 166 151 154 155 135
132 153 138 154 145 152 138 122 122 149 130 101
133 134 125 137 123 149 161 163 120 89 109 100
55 116 76 113 153 64 14 105 82 45 48 79
24 73 69 69 97 80 106 99 145 104 51 70
97 140 129 100 137 100 145 108 129 135 153 164
