142 133 121 128 90 90 117 167 111 134 98 113
108 145 54 39 117 115 152 95 107 110 82 83
71 61 71 85 27 128 92 94 87 89 84 67
61 103 82 142 139 172 163 130 150 132 128 125
169 174 176 169 174 166 160 166 174 176 155 161
175 167 163 176 172 172 187 182 172 179 173 163
175 178 178 152 173 188 181 186 176 161 161 179
178 169 169 165 172 167 181 165 173 167 164 172
177 181 170 164 168 172 166 177 162 162 156 162
169 154 163 152 154 158 180 159 171 174 196 179
177 176 168 172 164 157 149 157 162 148 143 157
139 145 150 155 139 128 132 135 140 137 134 148
