146 181 155 133 145 154 124 125 147 86 131 185
155 118 79 136 79 38 219 114 106 141 83 150
115 109 121 134 158 44 128 148 161 93 113 82
106 66 166 153 68 110 165 133 163 174 151 190
206 215 189 192 190 186 202 185 182 205 187 195
189 196 187 198 200 184 190 181 194 187 171 202
178 179 182 195 194 189 205 202 204 188 177 175
185 183 193 179 195 183 176 186 193 201 192 204
206 210 195 194 192 201 189 184 163 188 181 181
183 193 199 194 181 155 177 173 176 199 211 218
223 216 210 202 201 190 184 175 169 175 163 178
170 177 166 156 167 164 161 167 174 169 171 185
