168 165 174 161 154 156 170 165 168 157 156 173
169 176 152 153 146 155 163 157 170 161 153 150
147 149 156 148 161 168 161 146 160 162 152 155
144 158 149 165 135 130 151 143 137 133 129 152
153 112 155 136 116 137 154 154 157 130 124 56
57 83 87 61 53 104 38 108 134 116 75 71
115 88 34 51 63 36 133 132 85 64 21 135
96 144 131 122 143 129 101 138 129 158 147 122
168 178 179 176 168 157 164 167 160 162 163 166
163 171 164 174 170 165 171 176 172 153 155 165
166 169 166 163 159 169 169 174 164 157 170 154
151 165 168 168 185 162 154 155 151 163 163 157
