189 123 83 59 129 85 109 106 104 107 145 159 180 162 142 180 206 205 198 190
199 200 192 191 181 189 195 184 187 183 179 180 197 196 189 181 190 188 188 187
194 190 174 183 179 177 190 184 188 193 183 189 186 194 182 185 205 199 195 173
180 187 174 182 180 184 188 195 189 177 185 191 193 181 193 186 186 184 184 173
176 182 175 204 189 192 187 179 179 174 182 168 181 183 168 184 192 189 186 182
174 182 178 174 182 187 189 179 186 191 174 184 190 169 181 167 156 165 186 170
185 173 155 161 173 154 167 180 215 135 193 175 148 185 162 165 169 121 116 145
145 125 170 128 175 156 119 39 76 95 48 77 142 103 117 157 210 156 196 139
235 223 211 183 198 190 173 183 172 197 176 175 184 167 195 171 179 166 176 181
191 189 194 166 166 189 157 166 191 195 195 178 212 177 177 166 180 193 186 188
175 186 190 176 198 173 179 189 170 175 176 179 182 190 184 168 188 177 178 194
177 182 182 176 166 156 170 181 186 195 175 187 194 181 182 169 166 175 192 179
181 165 189 173 168 181 166 157 177 180 176 156 189 180 188 173 151 165 150 127
153 153 107 206 149 143 112 102 135 193 109 173 106 28 56 130 166 123 65 130
105 27 115 147 121 72 66 124 17 79 78 83 97 142 65 117 142 164 136 109
