163 177 167 159 188 158 155 139 149 150 164 172
167 143 191 178 181 179 150 158 179 85 133 104
146 173 176 123 159 194 181 215 205 150 110 113
115 86 180 148 195 118 157 119 159 218 178 193
229 240 246 203 244 226 190 205 175 186 177 177
197 175 162 197 152 177 182 200 168 190 175 200
184 192 179 192 218 194 172 186 175 183 191 176
174 165 200 193 193 178 177 161 179 209 198 199
197 189 182 157 168 177 183 189 198 164 193 193
211 189 176 186 167 190 180 194 197 189 183 180
169 201 203 189 199 189 182 160 163 179 156 176
152 161 161 185 164 155 157 166 153 165 163 150
