208 154 168 182 241 199 174 176 200 185 186 172
221 165 180 165 183 191 195 204 154 166 160 188
191 206 162 151 157 172 169 188 199 176 186 153
152 164 181 149 176 166 170 152 165 170 147 189
216 184 149 171 160 174 194 196 172 196 198 178
163 149 172 190 196 170 194 191 190 211 171 178
163 183 184 206 165 184 177 152 176 136 131 160
189 200 195 149 163 162 177 169 158 144 173 154
136 178 163 142 173 143 159 65 152 164 121 149
94 126 75 134 36 25 60 111 138 137 136 138
140 126 131 135 136 133 138 133 132 140 146 135
139 137 158 133 132 135 153 149 139 158 148 154
