150 146 154 171 129 153 135 85 113 149 98 135
116 126 108 144 154 123 95 79 112 91 28 54
98 73 93 57 46 131 103 88 81 54 75 66
40 41 159 50 67 84 95 126 125 64 75 109
179 133 145 157 208 172 150 152 172 160 161 149
191 142 155 143 158 165 169 176 133 143 138 163
165 178 140 131 136 148 146 162 172 152 161 132
131 142 157 128 152 143 147 132 143 146 127 163
187 159 128 148 139 151 167 170 149 169 171 154
141 129 148 164 169 147 167 165 164 182 148 154
141 158 159 178 143 159 153 132 152 117 113 138
163 173 169 128 140 140 153 146 136 124 149 133
