135 163 162 155 163 168 145 151 150 136 178 163
156 122 157 146 154 101 149 147 184 115 133 173
135 164 129 133 88 44 160 173 106 100 110 162
103 117 141 131 156 124 130 144 140 151 154 140
177 184 177 181 178 169 175 176 173 164 170 178
181 172 176 176 177 177 175 187 190 179 184 166
156 176 170 174 171 172 179 185 183 186 181 175
178 172 159 190 160 173 179 171 176 167 177 187
174 183 173 175 170 170 172 166 179 167 161 160
170 167 169 166 163 174 166 177 167 181 191 186
187 202 180 176 170 176 159 143 157 170 152 153
160 147 161 149 149 139 134 135 142 142 147 144
