177 183 175 175 162 162 164 171 171 178 160 164
165 175 169 165 170 171 166 163 169 171 170 159
171 178 166 166 174 162 169 164 158 155 151 158
151 150 166 152 164 152 158 168 169 162 175 166
173 173 142 153 157 176 161 167 174 158 177 176
170 171 171 169 171 153 174 168 165 183 178 173
175 171 157 169 169 134 153 154 164 161 155 150
155 153 154 140 131 135 149 133 146 127 129 139
131 157 110 176 134 131 104 150 155 147 130 70
81 170 92 74 46 107 82 49 60 74 61 139
79 147 92 36 31 85 65 114 50 52 107 84
122 87 159 127 80 118 145 145 157 149 156 161
