173 168 164 175 181 168 167 165 174 164 158 151
147 162 175 145 143 151 157 156 161 174 186 183
195 180 179 162 156 165 164 148 155 132 157 147
158 138 141 138 141 155 135 147 157 147 130 123
131 125 108 162 142 127 142 111 114 138 121 120
126 185 134 92 86 83 161 176 102 96 161 88
159 167 80 94 40 71 39 51 97 106 101 55
141 152 126 127 94 133 144 124 163 159 156 152
176 179 164 178 168 179 170 176 170 165 169 148
167 167 174 162 155 155 170 171 178 163 166 162
180 162 170 171 173 169 167 176 170 161 174 169
166 168 164 177 173 172 160 161 173 160 163 158
