185 195 188 190 195 195 197 181 180 189 186 186 176 176 185 182 179 182 170 185
180 184 180 176 191 193 181 191 197 191 187 192 189 184 193 181 190 190 179 185
189 177 178 183 184 172 183 181 192 183 181 176 191 186 191 186 188 173 179 186
198 180 178 173 176 181 189 181 184 198 186 192 182 184 195 194 186 181 196 179
179 183 176 178 189 176 165 164 171 181 182 174 156 157 209 160 174 187 153 148
199 148 203 154 175 177 174 132 100 140 144 117 88 179 156 162 104 76 131 113
195 164 52 141 88 71 55 93 116 130 82 133 90 125 167 205 170 183 130 171
156 174 174 157 214 190 185 198 193 175 191 188 190 191 182 185 186 187 178 190
176 187 189 185 189 182 183 181 192 191 186 190 183 194 188 184 196 192 185 184
190 182 181 194 191 180 184 186 184 178 198 187 178 181 193 191 180 180 193 189
184 182 186 184 190 180 185 181 183 182 190 183 171 195 201 191 198 199 199 181
196 184 175 177 190 179 190 166 167 175 176 175 171 182 150 170 168 172 174 180
165 169 168 192 142 144 179 168 164 134 162 156 156 83 143 137 110 120 176 100
81 88 146 101 128 182 121 48 90 108 138 114 128 69 143 104 95 56 95 152
93 147 146 142 169 165 181 171 196 204 194 191 189 185 196 186 185 178 179 180
