167 183 164 178 169 127 200 154 110 130 128 88
114 129 200 25 73 143 144 36 54 143 14 67
63 109 15 72 98 78 135 34 86 165 150 121
128 159 115 127 127 143 149 137 218 157 170 178
204 212 202 203 187 187 189 198 197 206 185 189
192 203 196 191 197 198 193 188 196 198 197 184
198 206 193 192 201 188 195 190 183 179 175 183
175 174 192 176 190 176 183 195 195 187 202 193
201 200 164 177 182 203 187 193 202 183 205 204
197 198 198 196 198 177 201 194 191 212 206 201
202 198 182 196 195 155 177 178 190 186 180 174
179 177 178 162 152 157 172 154 169 148 150 161
