190 185 181 173 160 155 164 160 155 171 172 155
158 175 161 163 159 162 164 164 168 165 168 160
170 167 168 162 151 167 168 151 168 162 151 148
170 162 154 150 162 170 153 162 148 158 164 158
168 189 162 167 163 154 164 170 174 182 140 160
171 151 163 157 152 160 171 170 183 180 189 162
177 178 180 168 156 162 162 160 149 148 160 136
156 156 134 135 140 147 145 126 140 140 116 143
126 156 134 115 125 133 107 108 127 75 113 160
134 102 68 117 68 33 189 99 91 122 72 129
99 95 104 116 136 38 111 128 139 81 98 71
92 57 144 132 58 95 143 115 141 150 130 164
