164 138 101 142 167 153 115 119 163 172 94 141
75 124 172 33 156 172 101 68 29 90 113 37
151 96 56 84 44 81 65 111 32 27 107 118
120 96 142 113 145 144 171 141 134 108 148 144
182 187 184 178 189 172 169 169 178 184 163 184
167 175 177 179 166 174 169 173 171 170 180 174
179 180 175 175 170 162 171 174 165 178 172 169
159 176 158 164 154 154 168 165 173 172 169 176
169 170 170 168 174 161 160 164 158 185 131 184
179 177 158 170 165 173 135 173 156 171 181 178
181 158 155 169 148 157 151 142 161 148 142 146
156 154 145 148 141 133 145 142 132 174 166 156
