197 189 182 157 168 177 183 189 198 164 193 193
211 189 176 186 167 190 180 194 197 189 183 180
169 201 203 189 199 189 182 160 163 179 156 176
152 161 161 185 164 155 157 166 153 165 163 150
196 175 193 155 147 172 176 91 201 177 155 176
146 118 67 88 38 133 135 143 50 43 80 164
122 34 107 44 51 114 0 152 150 164 125 148
83 141 145 186 182 168 170 158 191 165 158 178
214 195 190 198 182 183 176 200 192 214 188 174
192 188 189 191 187 176 175 200 193 179 198 188
208 191 192 190 187 197 169 191 162 175 184 196
187 182 190 181 176 197 199 184 179 204 194 208
