212 196 193 209 201 207 208 195 196 219 212 199
198 199 228 211 202 208 195 206 200 208 207 215
197 204 210 199 200 197 209 209 202 202 197 217
187 197 206 217 201 185 214 192 193 203 220 218
218 190 190 209 197 208 188 204 201 197 208 200
211 210 199 195 187 181 212 187 194 211 204 215
215 226 204 221 195 187 183 186 172 180 188 183
179 181 172 188 180 185 177 173 186 174 183 165
190 172 160 177 164 161 182 197 145 142 206 130
186 150 117 163 113 155 86 164 69 161 153 143
139 112 172 53 179 147 49 156 78 110 121 19
98 141 158 108 130 163 193 176 137 192 159 184
