202 202 217 201 232 236 188 213 210 231 229 214
238 211 217 229 240 220 228 239 216 213 219 214
225 226 201 226 227 235 231 198 233 223 232 236
204 186 208 205 166 204 205 222 215 159 195 222
209 199 209 193 197 215 214 166 191 175 188 181
217 176 193 193 191 191 177 198 160 175 193 195
175 180 199 173 153 164 212 181 184 141 159 142
155 170 139 161 178 156 178 134 143 153 164 159
145 184 144 148 130 134 140 143 122 103 154 105
82 102 131 143 105 83 153 154 154 130 95 142
32 71 79 86 62 31 52 27 0 105 79 77
148 100 92 151 91 114 149 101 48 160 116 128
