115 153 132 147 139 132 122 150 145 129 116 134
144 107 83 121 158 114 166 142 141 199 160 78
91 145 116 145 122 126 82 78 98 114 94 56
160 60 134 139 80 26 85 141 163 140 142 154
183 191 189 164 182 164 143 166 167 174 177 145
173 164 171 169 173 156 166 154 159 157 162 177
155 170 163 154 162 169 159 166 162 157 148 161
158 154 165 147 149 163 166 163 164 161 173 170
155 152 166 158 168 158 147 176 142 153 173 162
178 175 151 152 133 155 151 150 147 143 127 149
133 140 145 146 143 143 157 146 148 146 145 155
155 152 174 152 153 160 149 135 141 139 158 132
