136 182 171 159 161 127 163 132 142 124 141 142
186 137 175 156 155 107 163 179 106 141 165 164
147 164 165 166 60 63 103 84 73 67 54 121
92 77 127 55 30 95 144 125 175 73 124 135
145 210 183 133 133 155 131 161 166 154 133 169
193 169 138 139 174 158 173 160 176 161 179 149
152 161 167 149 168 159 182 177 142 159 153 150
156 141 158 160 127 156 137 125 140 153 174 143
171 137 135 166 147 165 138 155 152 153 156 157
170 140 182 170 164 147 162 148 160 143 146 169
159 142 134 141 172 148 117 147 147 146 144 133
126 119 145 123 139 129 140 149 164 98 156 127
