140 130 164 133 155 136 118 121 131 156 134 166
133 135 177 151 175 109 148 137 133 78 130 119
125 108 114 110 52 147 88 110 104 134 115 107
109 82 134 79 130 65 111 84 103 132 91 144
193 187 189 172 163 169 135 142 144 150 153 154
163 159 147 165 178 148 159 170 188 167 161 157
182 184 166 149 162 169 181 178 155 177 184 135
167 138 154 169 161 157 167 151 170 162 155 157
166 169 159 163 182 179 144 148 170 174 152 158
156 169 165 155 169 164 139 162 161 164 168 153
165 158 150 158 136 154 135 151 160 144 140 124
138 144 168 129 124 160 142 155 124 106 143 147
