193 207 199 176 195 192 202 210 198 199 185 194
204 191 184 204 188 199 193 194 183 214 216 220
220 208 216 199 185 157 166 157 175 188 183 177
173 187 162 147 172 197 167 158 171 151 176 196
189 160 117 165 194 177 133 137 189 199 109 163
87 143 199 38 180 199 116 79 33 104 131 43
174 111 65 97 51 93 75 128 38 31 124 136
139 111 165 131 168 167 198 163 155 125 171 167
211 216 213 207 219 199 195 195 206 213 189 213
193 202 205 207 192 201 196 201 198 196 209 201
207 208 203 203 196 187 197 201 191 207 199 196
184 204 183 190 178 179 194 191 200 199 196 203
