141 161 147 120 188 157 219 163 167 140 201 182 158 140 141 78 89 155 62 144
69 47 55 85 59 87 88 142 87 80 134 51 95 97 94 80 126 224 167 196
197 110 161 163 138 169 176 156 190 176 181 195 186 181 183 187 195 179 178 172
185 191 182 199 200 184 182 179 186 184 189 185 189 180 196 193 179 188 179 197
190 196 190 195 179 178 184 183 182 184 181 176 185 188 177 185 180 178 180 175
173 183 185 192 175 177 164 173 183 181 170 186 170 182 195 183 182 193 196 201
209 199 212 194 172 184 169 173 172 176 194 166 183 194 174 174 187 176 181 185
155 181 162 153 143 164 144 107 174 117 122 138 173 126 186 142 128 170 131 84
126 155 114 189 25 95 77 198 87 102 12 66 88 35 157 132 144 191 129 23
96 125 139 102 149 145 182 155 144 166 162 171 207 198 198 171 181 182 196 188
185 184 186 174 181 186 177 181 186 175 179 179 185 182 177 178 181 177 182 191
185 187 184 173 179 184 190 183 181 189 181 170 181 181 187 180 191 184 185 178
180 180 179 187 183 201 181 180 181 173 173 174 172 176 163 173 171 173 179 190
182 186 199 202 196 198 198 190 183 171 191 184 196 182 177 187 173 191 160 174
164 179 166 162 171 155 164 162 171 149 166 171 163 145 167 171 186 150 117 118
