217 216 210 210 238 199 201 200 188 200 211 191
203 186 178 226 214 213 210 191 199 197 200 228
187 206 201 187 187 180 180 179 222 176 187 199
191 182 173 177 186 184 192 208 194 191 194 206
197 201 194 192 189 193 190 193 190 208 191 203
165 180 173 188 182 190 174 170 189 196 177 195
180 175 174 186 190 165 157 162 166 164 195 197
164 178 139 173 164 170 179 187 155 144 174 139
162 151 190 154 180 157 137 140 152 181 155 192
154 157 205 175 202 126 171 158 153 91 151 137
145 125 131 127 60 170 102 128 120 155 133 124
126 95 155 91 150 75 128 97 119 152 105 167
