190 196 190 195 179 178 184 183 182 184 181 176 185 188 177 185 180 178 180 175
173 183 185 192 175 177 164 173 183 181 170 186 170 182 195 183 182 193 196 201
209 199 212 194 172 184 169 173 172 176 194 166 183 194 174 174 187 176 181 185
155 181 162 153 143 164 144 107 174 117 122 138 173 126 186 142 128 170 131 84
126 155 114 189 25 95 77 198 87 102 12 66 88 35 157 132 144 191 129 23
96 125 139 102 149 145 182 155 144 166 162 171 207 198 198 171 181 182 196 188
185 184 186 174 181 186 177 181 186 175 179 179 185 182 177 178 181 177 182 191
185 187 184 173 179 184 190 183 181 189 181 170 181 181 187 180 191 184 185 178
180 180 179 187 183 201 181 180 181 173 173 174 172 176 163 173 171 173 179 190
182 186 199 202 196 198 198 190 183 171 191 184 196 182 177 187 173 191 160 174
164 179 166 162 171 155 164 162 171 149 166 171 163 145 167 171 186 150 117 118
143 135 129 98 78 55 130 170 38 71 156 152 116 116 118 67 86 85 153 141
114 117 119 156 147 104 135 103 142 158 153 153 170 167 170 172 181 189 189 179
191 181 183 191 177 186 176 176 184 178 184 177 180 184 183 178 186 180 180 189
181 192 180 182 170 182 179 186 190 175 182 178 178 176 183 166 176 171 175 185
