133 132 145 108 123 92 133 118 96 128 161 67
171 136 115 104 134 172 164 70 71 88 25 29
78 90 78 139 75 113 15 72 133 122 127 165
160 135 150 123 113 192 145 145 182 74 183 134
169 175 182 194 183 168 196 190 173 167 168 165
180 145 182 171 193 201 178 183 190 173 161 168
193 186 154 171 165 158 161 158 167 154 166 165
171 190 179 186 194 170 159 156 160 158 171 158
162 164 170 168 179 169 169 172 179 177 187 180
177 178 161 176 173 162 148 167 159 173 168 172
142 179 167 156 165 151 141 130 164 146 148 127
140 139 125 143 147 123 141 142 159 137 143 131
