170 189 198 185 186 180 205 199 180 174 181 181 191 163 197 187 190 195 188 195
208 176 180 181 194 190 182 188 179 173 181 170 177 177 179 182 186 190 187 203
195 183 178 178 192 177 177 172 185 186 189 183 186 182 183 200 191 192 206 182
191 195 171 185 195 189 169 184 167 189 184 198 157 195 170 184 181 183 166 153
187 169 176 145 167 165 154 172 183 153 169 173 187 167 164 163 146 156 187 172
148 173 152 139 168 140 214 180 118 117 159 164 137 97 156 111 95 89 77 149
171 134 116 53 102 79 86 143 19 75 86 66 83 109 192 165 81 39 148 198
148 182 172 139 207 206 218 178 183 197 179 187 196 195 170 162 182 181 188 162
162 181 191 185 186 176 192 178 166 171 178 180 188 169 171 173 191 201 144 189
176 185 180 188 176 173 178 158 195 172 168 160 160 162 172 193 150 178 157 163
194 185 159 168 169 151 184 156 187 172 176 161 168 172 162 189 199 189 180 165
164 163 170 185 162 162 170 173 163 146 172 192 168 146 173 168 162 173 183 171
163 209 194 184 184 151 221 162 173 151 140 189 218 167 185 146 155 139 181 184
145 146 205 135 170 159 162 177 97 90 158 112 66 79 83 138 111 96 152 165
62 102 143 158 187 80 149 166 182 246 198 168 157 182 159 191 188 169 155 175
