170 178 187 167 175 163 173 158 171 157 182 173
165 166 173 157 168 158 158 179 161 162 176 177
167 147 159 172 162 154 150 140 160 145 138 168
141 147 143 147 152 149 139 147 156 159 159 159
147 154 152 121 159 146 129 152 154 46 134 174
141 147 172 173 74 106 125 130 156 95 129 166
114 49 85 79 98 72 142 92 139 85 113 141
89 59 38 90 90 136 120 131 94 113 138 135
198 168 141 179 162 174 169 176 171 179 160 162
176 162 158 145 184 151 151 159 165 160 160 170
175 165 153 176 152 168 173 168 150 142 155 142
141 138 168 133 160 139 166 163 154 147 171 164
