173 173 142 153 157 176 161 167 174 158 177 176
170 171 171 169 171 153 174 168 165 183 178 173
175 171 157 169 169 134 153 154 164 161 155 150
155 153 154 140 131 135 149 133 146 127 129 139
131 157 110 176 134 131 104 150 155 147 130 70
81 170 92 74 46 107 82 49 60 74 61 139
79 147 92 36 31 85 65 114 50 52 107 84
122 87 159 127 80 118 145 145 157 149 156 161
164 182 179 183 174 177 171 172 165 171 165 169
160 159 169 169 167 159 157 157 160 166 159 155
177 182 164 173 178 173 166 169 162 164 173 164
170 178 159 155 164 160 162 164 166 152 163 166
