167 193 184 203 176 182 180 205 206 194 191 205
202 197 201 185 199 204 200 186 197 194 192 201
191 196 199 179 202 176 207 196 157 188 193 185
187 167 170 182 164 186 167 159 160 148 153 160
163 177 167 159 188 158 155 139 149 150 164 172
167 143 191 178 181 179 150 158 179 85 133 104
146 173 176 123 159 194 181 215 205 150 110 113
115 86 180 148 195 118 157 119 159 218 178 193
229 240 246 203 244 226 190 205 175 186 177 177
197 175 162 197 152 177 182 200 168 190 175 200
184 192 179 192 218 194 172 186 175 183 191 176
174 165 200 193 193 178 177 161 179 209 198 199
