169 175 182 194 183 168 196 190 173 167 168 165
180 145 182 171 193 201 178 183 190 173 161 168
193 186 154 171 165 158 161 158 167 154 166 165
171 190 179 186 194 170 159 156 160 158 171 158
162 164 170 168 179 169 169 172 179 177 187 180
177 178 161 176 173 162 148 167 159 173 168 172
142 179 167 156 165 151 141 130 164 146 148 127
140 139 125 143 147 123 141 142 159 137 143 131
118 130 161 145 120 151 126 115 143 114 171 142
89 109 129 135 124 98 122 102 67 65 84 123
131 105 52 0 87 69 68 115 21 49 75 53
33 73 139 98 45 44 123 152 126 158 145 137
