140 180 130 162 139 145 148 121 77 136 63 133
59 150 44 121 114 77 106 102 125 49 138 25
93 34 29 17 25 97 173 170 143 86 97 137
97 113 146 109 74 148 199 166 156 149 200 183
217 193 180 179 181 174 193 180 173 186 183 171
197 186 174 170 190 187 189 185 179 181 181 193
192 193 180 195 190 186 193 190 182 193 188 194
189 195 189 181 185 177 190 187 191 170 187 189
192 191 177 183 195 192 186 194 199 194 183 178
168 162 184 180 159 186 162 201 198 202 195 185
187 199 209 212 198 180 180 174 182 187 184 188
182 173 184 166 151 167 174 150 177 163 165 144
