117 142 132 135 120 132 166 128 154 152 93 64
123 52 66 43 52 55 62 61 79 32 66 96
94 65 75 61 50 138 52 93 97 106 102 77
138 94 127 115 129 137 162 158 137 147 137 161
167 180 156 167 161 153 153 166 173 153 174 161
173 161 174 156 170 161 173 167 158 171 163 159
170 163 171 163 157 157 163 167 165 169 168 157
169 166 161 161 166 167 165 162 153 175 162 159
168 164 155 151 164 149 162 153 151 151 164 172
166 155 155 152 147 154 156 157 176 178 178 195
191 194 194 160 175 140 148 135 164 146 145 145
137 156 138 142 140 147 132 136 147 134 139 129
