168 188 134 164 154 131 138 163 138 178 137 111
66 91 132 98 156 127 146 134 104 128 104 70
195 86 84 140 159 25 120 98 190 121 107 38
107 112 89 151 142 122 166 153 201 160 174 139
209 188 203 183 197 208 208 197 206 190 191 180
205 208 192 183 196 173 199 196 205 205 209 198
195 201 196 174 190 195 193 187 197 196 187 186
175 192 173 182 185 191 183 173 187 185 192 190
201 195 189 202 210 195 193 191 202 190 182 174
170 187 203 168 166 175 182 181 187 201 216 212
225 209 207 187 180 191 190 172 180 153 182 171
183 160 163 160 163 179 157 170 182 170 150 143
