205 186 158 162 173 184 180 181 183 168 159 162 178 174 171 179 159 152 144 183
156 167 123 161 148 176 157 168 160 181 152 159 183 163 183 186 146 183 139 128
137 159 120 162 183 155 136 167 184 134 86 118 133 111 35 68 118 139 115 83
66 163 131 127 99 99 77 100 47 47 197 108 73 111 99 151 149 77 86 142
204 161 174 167 236 197 172 169 184 171 170 149 200 166 179 161 171 171 169 177
161 159 146 175 169 191 156 154 171 149 158 163 185 168 187 156 165 166 171 159
175 169 172 159 158 175 156 168 187 157 169 178 156 178 150 166 165 176 184 177
159 153 182 178 181 170 175 168 173 195 155 173 154 178 163 179 179 157 169 161
167 136 148 164 186 196 183 147 167 163 179 168 149 152 178 151 146 169 175 161
184 153 155 103 173 168 150 165 100 123 75 128 50 24 66 116 149 151 146 150
151 136 140 144 150 141 150 139 142 147 150 148 155 146 169 143 134 154 162 154
132 155 153 184 185 163 188 170 183 182 162 172 162 183 170 183 190 192 182 166
193 181 190 186 189 180 184 169 177 174 164 176 184 172 158 173 165 175 175 175
181 171 202 170 167 176 163 162 165 169 163 176 167 179 159 181 185 193 163 179
186 168 176 175 170 161 180 170 189 182 172 176 186 157 175 176 163 171 168 166
