178 181 168 167 166 174 163 159 141 162 157 156
158 166 172 167 156 134 153 150 152 171 182 188
192 187 182 174 174 164 159 151 146 151 141 154
147 153 144 134 145 142 139 145 150 146 148 159
115 153 132 147 139 132 122 150 145 129 116 134
144 107 83 121 158 114 166 142 141 199 160 78
91 145 116 145 122 126 82 78 98 114 94 56
160 60 134 139 80 26 85 141 163 140 142 154
183 191 189 164 182 164 143 166 167 174 177 145
173 164 171 169 173 156 166 154 159 157 162 177
155 170 163 154 162 169 159 166 162 157 148 161
158 154 165 147 149 163 166 163 164 161 173 170
