181 172 181 167 170 186 185 143 165 151 163 157
187 152 167 167 165 165 153 171 138 151 166 168
151 155 172 149 132 141 183 157 159 122 137 123
134 147 120 139 154 134 154 116 123 133 141 137
125 159 124 128 113 115 121 124 106 89 133 90
71 88 113 123 91 71 132 133 133 112 82 123
28 61 68 74 53 27 45 24 0 91 69 66
128 86 80 130 79 99 129 87 42 138 100 111
192 135 175 140 148 180 166 183 167 183 221 181
177 173 183 161 195 165 188 170 182 161 172 182
153 196 190 181 184 195 184 192 178 151 130 156
154 157 162 154 171 180 178 169 156 174 155 162
