136 151 186 168 138 175 146 133 166 132 198 164
103 126 149 156 144 114 141 118 78 75 97 142
152 122 60 0 101 79 79 133 24 56 87 61
39 84 161 113 53 51 142 176 146 182 168 159
195 207 217 172 170 189 179 181 193 185 168 157
181 182 185 157 163 180 192 190 188 173 178 170
158 169 183 176 187 164 171 174 196 198 135 201
174 176 175 185 171 170 171 161 189 168 166 153
166 158 169 179 145 176 152 170 193 187 157 164
165 153 191 169 196 176 175 147 158 169 170 177
196 193 190 167 170 161 159 169 159 168 150 160
149 140 161 177 156 149 171 144 148 188 175 156
