176 187 189 185 189 182 183 181 192 191 186 190 183 194 188 184 196 192 185 184
190 182 181 194 191 180 184 186 184 178 198 187 178 181 193 191 180 180 193 189
184 182 186 184 190 180 185 181 183 182 190 183 171 195 201 191 198 199 199 181
196 184 175 177 190 179 190 166 167 175 176 175 171 182 150 170 168 172 174 180
165 169 168 192 142 144 179 168 164 134 162 156 156 83 143 137 110 120 176 100
81 88 146 101 128 182 121 48 90 108 138 114 128 69 143 104 95 56 95 152
93 147 146 142 169 165 181 171 196 204 194 191 189 185 196 186 185 178 179 180
193 181 191 189 174 188 186 176 186 190 185 182 193 190 189 195 189 191 184 190
197 196 196 188 193 180 187 177 190 193 188 203 189 193 189 166 187 191 176 183
187 180 181 202 196 188 192 181 178 184 186 175 183 188 187 197 181 195 202 189
199 200 213 189 191 208 184 178 182 182 189 195 186 191 167 175 189 190 176 169
171 180 169 195 195 157 186 185 189 181 174 175 196 157 193 161 168 187 187 177
146 158 144 171 167 108 157 117 95 56 145 66 166 130 66 128 163 104 147 111
57 128 145 155 131 84 144 128 211 167 150 141 240 222 218 190 202 203 190 200
189 193 193 178 183 177 177 172 175 176 176 186 190 191 169 179 190 178 188 182
