193 187 189 172 163 169 135 142 144 150 153 154
163 159 147 165 178 148 159 170 188 167 161 157
182 184 166 149 162 169 181 178 155 177 184 135
167 138 154 169 161 157 167 151 170 162 155 157
166 169 159 163 182 179 144 148 170 174 152 158
156 169 165 155 169 164 139 162 161 164 168 153
165 158 150 158 136 154 135 151 160 144 140 124
138 144 168 129 124 160 142 155 124 106 143 147
171 127 151 151 100 120 101 94 126 110 109 107
125 137 90 128 77 83 94 143 111 56 70 140
59 62 101 69 129 66 9 0 92 56 100 116
59 108 88 43 136 127 108 177 124 135 143 111
