176 181 154 162 175 168 160 185 173 181 172 158
161 163 169 164 162 173 167 183 173 192 193 177
173 175 189 169 171 189 161 154 157 151 165 179
150 159 146 145 152 159 140 132 135 144 143 164
171 137 164 161 145 163 157 149 166 128 146 137
143 158 146 138 119 111 107 107 143 105 124 96
61 37 134 57 110 93 30 94 95 63 136 90
64 102 133 116 112 75 131 133 173 156 163 112
215 207 192 173 193 181 172 184 175 185 178 168
172 165 152 153 160 152 164 163 169 176 163 157
168 169 180 154 166 175 174 161 164 172 164 162
153 173 161 169 163 127 165 171 157 164 175 171
