143 161 174 154 123 143 173 140 157 164 106 164
117 160 127 104 163 152 87 127 111 100 159 136
131 92 119 183 172 125 143 157 168 104 48 22
87 72 82 69 96 90 141 142 157 142 138 174
186 193 185 188 188 174 172 174 170 174 178 169
168 152 160 177 180 193 186 167 168 177 176 174
191 194 164 164 150 154 170 169 176 178 170 175
167 171 151 173 190 188 175 156 154 165 153 168
154 168 167 171 160 171 158 184 178 148 169 167
179 157 167 155 160 163 159 186 174 169 174 153
164 151 163 146 169 157 147 162 169 158 163 160
140 152 153 151 153 164 153 147 168 162 160 151
