133 134 125 137 123 149 161 163 120 89 109 100
55 116 76 113 153 64 14 105 82 45 48 79
24 73 69 69 97 80 106 99 145 104 51 70
97 140 129 100 137 100 145 108 129 135 153 164
187 177 182 180 191 169 165 191 171 170 178 171
174 172 189 181 188 188 169 171 164 180 187 171
180 165 184 165 171 167 180 178 164 173 170 192
164 170 178 173 177 171 178 172 172 171 173 161
166 179 172 152 169 166 174 181 171 172 160 167
176 165 159 176 162 172 167 168 158 185 187 190
190 179 187 172 160 136 144 136 151 162 158 153
150 161 140 127 148 170 145 136 148 131 152 169
