162 181 191 185 186 176 192 178 166 171 178 180 188 169 171 173 191 201 144 189
176 185 180 188 176 173 178 158 195 172 168 160 160 162 172 193 150 178 157 163
194 185 159 168 169 151 184 156 187 172 176 161 168 172 162 189 199 189 180 165
164 163 170 185 162 162 170 173 163 146 172 192 168 146 173 168 162 173 183 171
163 209 194 184 184 151 221 162 173 151 140 189 218 167 185 146 155 139 181 184
145 146 205 135 170 159 162 177 97 90 158 112 66 79 83 138 111 96 152 165
62 102 143 158 187 80 149 166 182 246 198 168 157 182 159 191 188 169 155 175
196 178 167 160 175 183 192 173 178 176 196 164 183 165 183 168 187 161 203 183
168 170 174 164 172 162 172 178 150 188 155 150 169 182 190 169 187 158 167 173
162 168 172 174 160 176 180 190 199 160 197 185 187 183 186 167 174 163 158 179
182 179 149 164 183 148 146 170 171 166 158 153 152 143 172 149 178 151 194 179
206 137 170 160 168 111 177 165 149 109 169 182 94 115 160 230 114 97 55 81
134 195 50 10 118 111 88 113 128 37 118 195 65 181 147 122 138 78 150 113
179 151 128 132 142 154 136 106 120 137 189 156 180 191 185 182 206 209 185 179
173 192 199 182 192 182 171 199 193 192 202 209 192 194 179 183 184 197 178 196
