147 151 111 118 171 130 164 138 137 137 128 124
72 114 87 109 67 143 133 131 89 72 121 79
149 136 44 111 73 43 47 87 77 75 23 104
78 71 120 186 154 166 120 170 137 142 150 140
196 170 167 182 177 162 173 171 178 172 165 173
167 176 155 171 155 167 164 173 167 173 161 165
176 178 169 175 161 168 169 158 165 160 165 158
169 166 168 167 165 156 162 164 166 167 173 173
164 165 176 174 156 158 171 179 162 169 166 164
169 167 163 159 161 161 184 174 155 175 181 182
176 181 176 166 167 148 154 149 166 152 150 133
144 146 145 153 140 144 115 141 135 146 131 139
