181 162 176 158 170 179 180 170 178 164 165 156
177 179 166 158 169 149 172 169 177 177 181 171
169 173 169 151 164 169 167 161 171 170 162 161
151 166 150 157 159 165 158 149 162 160 166 164
173 168 164 175 181 168 167 165 174 164 158 151
147 162 175 145 143 151 157 156 161 174 186 183
195 180 179 162 156 165 164 148 155 132 157 147
158 138 141 138 141 155 135 147 157 147 130 123
131 125 108 162 142 127 142 111 114 138 121 120
126 185 134 92 86 83 161 176 102 96 161 88
159 167 80 94 40 71 39 51 97 106 101 55
141 152 126 127 94 133 144 124 163 159 156 152
