205 196 202 186 194 192 182 192 177 186 174 180 192 176 185 185 191 187 191 176
184 178 190 169 188 194 182 190 173 182 187 187 185 184 195 198 185 181 190 181
181 188 189 190 180 194 179 191 192 182 185 172 185 180 184 187 185 196 197 184
180 165 171 177 169 183 175 181 174 200 193 204 194 212 194 188 189 184 189 184
183 176 169 183 173 168 162 181 187 185 173 186 171 183 167 153 171 171 172 151
182 177 166 190 186 178 210 184 139 173 162 206 149 188 112 129 175 137 131 93
135 124 146 129 169 208 184 207 206 176 149 149 146 136 107 158 136 133 148 199
125 172 153 165 195 211 212 174 198 181 187 185 191 187 191 201 195 178 184 187
193 177 178 167 174 178 180 186 180 183 172 185 193 180 189 175 183 186 161 178
182 178 177 187 167 173 204 187 177 175 187 182 164 186 166 189 180 179 184 195
195 195 183 200 195 190 200 183 197 191 197 188 190 194 182 204 192 190 184 184
186 179 193 191 163 180 199 177 189 165 186 183 175 190 184 185 169 152 160 160
164 178 168 177 200 160 148 163 155 162 160 171 165 156 173 181 180 186 178 171
189 122 137 103 140 157 181 127 171 215 189 196 223 132 148 102 96 82 145 165
185 112 139 136 161 196 181 158 231 236 218 197 223 199 197 197 192 196 176 159
