154 168 167 171 160 171 158 184 178 148 169 167
179 157 167 155 160 163 159 186 174 169 174 153
164 151 163 146 169 157 147 162 169 158 163 160
140 152 153 151 153 164 153 147 168 162 160 151
166 148 156 146 143 137 159 147 157 141 136 150
148 131 145 142 185 126 172 136 105 152 136 149
159 91 90 116 119 87 137 135 132 116 97 19
71 62 50 86 108 104 89 106 177 151 154 106
192 198 183 166 171 205 142 158 172 174 149 161
177 142 175 161 146 147 160 167 170 165 173 133
161 164 133 147 165 170 182 160 185 158 164 139
152 171 164 183 146 156 152 147 162 153 173 172
