215 207 192 173 193 181 172 184 175 185 178 168
172 165 152 153 160 152 164 163 169 176 163 157
168 169 180 154 166 175 174 161 164 172 164 162
153 173 161 169 163 127 165 171 157 164 175 171
176 165 161 155 172 187 150 157 167 167 185 177
163 172 149 155 157 158 154 167 151 165 157 168
168 163 169 161 159 159 143 139 165 144 173 155
146 141 139 147 141 148 137 131 151 165 156 146
141 148 150 147 146 151 149 142 131 145 136 127
151 143 118 128 146 156 113 133 136 87 60 94
98 130 114 70 161 90 107 68 67 161 144 136
148 80 129 60 73 142 142 148 111 88 56 67
