177 174 166 178 195 199 168 173 178 181 183 166 171 179 179 186 185 187 157 176
180 169 176 179 185 160 172 176 169 185 163 176 184 166 174 150 159 163 175 162
161 196 170 181 163 132 176 169 182 161 159 182 121 142 137 127 154 140 137 138
135 146 105 165 117 109 136 177 152 72 90 174 79 75 128 87 169 78 14 6
154 66 116 130 59 128 90 109 164 144 117 173 123 159 153 145 213 189 205 190
189 193 178 173 187 163 169 174 175 188 183 187 177 182 183 178 190 194 180 186
178 176 180 190 176 187 182 186 194 164 179 190 199 177 185 177 178 156 170 177
173 185 184 178 188 180 179 180 187 174 194 186 181 174 170 176 186 186 190 180
184 175 177 167 175 181 180 177 179 178 179 193 166 172 180 180 184 170 208 162
160 150 167 186 172 175 163 175 164 155 172 159 162 161 182 143 154 123 162 158
145 171 210 64 152 166 146 134 181 211 178 85 90 131 107 32 95 98 96 189
153 154 21 126 183 141 123 203 182 150 181 174 128 230 118 158 212 122 177 151
170 189 198 185 186 180 205 199 180 174 181 181 191 163 197 187 190 195 188 195
208 176 180 181 194 190 182 188 179 173 181 170 177 177 179 182 186 190 187 203
195 183 178 178 192 177 177 172 185 186 189 183 186 182 183 200 191 192 206 182
