145 210 183 133 133 155 131 161 166 154 133 169
193 169 138 139 174 158 173 160 176 161 179 149
152 161 167 149 168 159 182 177 142 159 153 150
156 141 158 160 127 156 137 125 140 153 174 143
171 137 135 166 147 165 138 155 152 153 156 157
170 140 182 170 164 147 162 148 160 143 146 169
159 142 134 141 172 148 117 147 147 146 144 133
126 119 145 123 139 129 140 149 164 98 156 127
147 96 151 139 123 88 184 156 65 89 154 182
119 70 21 72 100 155 25 0 110 82 65 92
80 23 79 142 41 142 95 120 97 67 111 85
125 124 88 117 125 136 116 107 96 119 155 134
