216 184 149 171 160 174 194 196 172 196 198 178
163 149 172 190 196 170 194 191 190 211 171 178
163 183 184 206 165 184 177 152 176 136 131 160
189 200 195 149 163 162 177 169 158 144 173 154
136 178 163 142 173 143 159 65 152 164 121 149
94 126 75 134 36 25 60 111 138 137 136 138
140 126 131 135 136 133 138 133 132 140 146 135
139 137 158 133 132 135 153 149 139 158 148 154
182 175 196 182 186 182 175 190 187 195 183 191
193 197 200 180 220 203 197 200 210 195 186 179
189 179 184 189 200 175 183 186 172 171 191 192
187 186 210 182 177 169 162 165 176 163 191 184
