174 183 197 198 188 189 191 189 192 191 183 182 189 188 188 181 174 191 183 167
193 182 185 188 186 193 177 183 187 179 185 192 182 191 175 184 180 196 196 208
204 193 194 186 184 164 173 165 166 186 182 180 179 192 175 164 182 200 180 173
169 161 182 191 191 168 118 162 192 166 139 165 197 213 132 173 101 173 182 60
206 203 95 56 72 123 165 42 188 121 68 110 75 124 66 149 63 55 120 136
127 106 135 138 142 136 189 152 149 129 170 172 189 200 199 194 199 191 184 184
185 193 178 188 174 187 190 190 181 188 187 184 184 183 200 184 193 193 190 187
176 180 187 187 185 193 183 179 178 196 177 180 176 174 181 181 188 186 178 186
189 184 179 176 185 181 176 181 174 190 156 190 189 191 166 188 182 197 161 185
178 186 198 186 200 176 179 183 170 183 178 173 188 169 166 178 174 183 178 170
169 173 177 168 159 201 184 184 153 147 167 183 163 128 152 170 149 124 127 116
125 84 152 178 133 109 121 195 73 113 53 41 106 80 88 164 82 114 113 103
6 162 187 71 121 127 139 157 141 131 146 177 195 173 171 186 169 192 197 202
183 196 183 172 187 183 175 181 178 181 174 183 188 180 189 180 186 191 190 186
188 191 184 185 183 187 196 183 191 188 171 170 185 173 173 172 179 174 182 171
