172 203 201 199 188 165 189 176 193 175 187 194
196 199 205 211 186 182 188 190 172 191 205 188
198 200 192 186 187 187 184 185 193 201 189 195
199 201 203 199 189 203 208 190 178 172 185 187
198 182 183 197 180 183 203 192 188 198 202 177
174 177 192 190 186 172 189 177 201 202 204 195
197 183 195 176 159 154 180 161 169 179 177 175
185 149 177 160 167 154 185 155 145 149 164 167
135 164 153 157 139 153 192 148 178 176 107 74
142 60 76 50 60 64 71 70 91 37 76 111
109 75 87 71 58 160 61 107 113 122 118 90
160 109 147 134 149 159 187 183 159 170 159 187
