171 170 178 171 182 186 165 162 168 177 170 156 171 183 152 185 162 184 166 143
142 155 139 130 158 102 121 197 159 127 83 168 82 68 212 139 101 142 129 149
141 129 134 152 151 91 120 169 164 149 120 80 116 80 138 129 84 127 162 155
164 166 157 182 202 206 185 180 182 178 190 180 173 193 177 191 185 187 175 189
192 179 182 175 194 176 170 195 180 178 183 188 185 177 187 190 189 182 176 171
183 179 183 184 184 185 183 183 182 184 180 196 192 191 182 177 184 198 189 176
163 172 182 180 167 182 189 186 178 171 171 177 174 193 197 197 208 198 197 190
192 186 186 179 172 183 168 181 173 173 177 166 178 176 176 176 177 182 177 183
152 180 165 166 166 163 153 184 177 154 148 149 170 144 113 189 190 146 193 170
172 246 177 120 119 154 113 165 134 96 111 101 100 146 120 81 182 79 128 142
94 53 107 173 176 163 184 167 193 223 207 171 201 192 170 175 177 188 186 162
178 174 183 179 185 172 183 171 169 170 180 194 170 182 179 172 188 194 183 185
191 173 164 181 184 178 183 167 171 184 191 178 187 178 191 191 176 173 192 177
193 175 173 197 180 178 188 178 188 198 177 178 163 184 181 183 174 171 149 171
172 172 166 173 162 159 186 179 179 178 164 186 182 185 196 184 183 193 180 164
