192 198 183 166 171 205 142 158 172 174 149 161
177 142 175 161 146 147 160 167 170 165 173 133
161 164 133 147 165 170 182 160 185 158 164 139
152 171 164 183 146 156 152 147 162 153 173 172
145 153 152 144 160 164 167 149 163 145 163 174
152 152 157 150 148 128 143 165 163 172 146 164
167 153 162 148 133 158 170 157 151 150 161 139
145 154 147 136 151 153 143 126 155 148 157 136
115 138 127 107 127 121 93 164 120 112 89 85
92 161 85 128 86 21 39 118 112 88 54 103
92 13 76 117 83 49 64 87 20 74 71 64
53 115 60 120 136 146 124 87 145 125 155 159
