169 170 170 168 174 161 160 164 158 185 131 184
179 177 158 170 165 173 135 173 156 171 181 178
181 158 155 169 148 157 151 142 161 148 142 146
156 154 145 148 141 133 145 142 132 174 166 156
127 118 135 147 151 117 125 147 141 116 104 101
104 91 114 148 115 98 74 144 62 91 31 39
82 67 81 131 70 92 96 106 5 109 168 44
99 124 113 124 130 136 135 168 168 155 151 159
148 173 177 189 179 180 168 157 168 170 165 164
175 165 157 175 177 158 179 166 167 177 178 169
181 173 171 176 164 170 181 165 176 175 154 145
175 154 153 158 148 158 178 155 174 180 163 175
