169 166 167 171 163 173 159 173 168 187 167 176
174 173 174 173 176 172 174 168 169 186 191 194
171 181 175 173 163 175 148 166 164 165 154 153
141 141 157 155 157 148 143 137 143 150 143 142
154 165 140 127 127 130 124 120 151 77 85 132
103 121 90 80 151 91 162 122 126 82 155 40
46 74 117 14 102 102 62 96 95 70 66 67
152 97 114 143 168 117 201 116 148 163 148 138
192 184 185 175 150 172 167 166 177 163 166 181
183 173 182 182 189 173 190 172 180 170 172 157
173 175 173 172 163 168 174 167 175 171 170 164
181 180 162 173 152 148 158 177 170 173 169 172
