167 142 137 154 149 142 152 175 164 165 168 172
174 179 170 171 172 166 169 158 165 179 164 163
152 166 175 168 164 181 176 182 170 175 170 177
163 176 181 163 169 175 163 166 155 152 172 163
157 164 186 185 177 174 170 171 173 159 164 174
169 160 164 168 167 158 162 172 161 179 189 164
180 182 166 178 163 172 152 141 163 145 154 146
154 145 119 139 161 145 145 152 162 152 156 137
130 143 141 120 161 139 168 107 106 152 122 147
149 58 95 105 135 79 0 194 106 51 106 130
67 92 104 11 112 65 39 105 93 120 86 115
114 112 139 142 145 162 145 142 170 151 180 152
