190 185 190 188 184 176 185 177 158 177 190 158 176 166 179 156 183 188 145 163
175 138 132 173 135 170 163 134 83 108 124 103 165 130 164 150 117 137 123 147
214 115 71 154 169 24 127 80 202 140 118 46 128 108 101 136 140 139 167 146
205 170 167 149 194 188 206 173 187 196 193 191 187 176 185 178 198 193 179 176
186 169 189 190 197 192 197 179 182 189 187 172 182 191 182 181 193 191 177 182
176 182 172 178 184 186 177 171 184 186 188 187 191 184 174 192 193 189 186 188
188 184 174 170 168 177 196 165 169 165 175 176 183 189 210 204 210 202 195 186
183 195 189 175 183 162 176 175 176 162 172 170 178 194 159 177 177 181 166 145
164 140 137 193 173 163 165 157 153 177 148 141 122 221 159 116 121 121 191 230
146 73 150 67 158 135 68 74 30 51 50 109 112 137 107 62 185 150 127 154
125 162 165 159 184 180 165 170 187 197 188 199 182 186 187 186 188 188 190 170
186 182 192 186 181 180 191 186 195 181 188 183 190 181 180 186 182 187 187 188
193 191 199 193 189 184 187 196 198 188 177 189 192 184 184 180 182 183 176 198
188 180 175 177 181 178 174 166 166 176 189 167 160 171 175 192 183 195 195 189
194 208 178 193 182 181 166 191 156 176 173 178 179 180 175 187 175 186 188 157
