184 168 168 194 176 177 179 166 179 184 166 172 191 191 186 183 181 174 192 162
191 165 171 176 180 68 167 185 184 177 199 195 93 140 162 168 183 132 149 190
120 59 111 106 137 85 127 127 144 93 149 198 89 83 76 96 104 135 129 174
130 133 178 161 223 196 157 219 192 204 199 211 176 196 182 176 177 189 185 170
193 179 162 176 180 181 177 192 190 180 176 208 170 185 191 189 173 169 188 171
179 166 189 168 191 169 191 203 186 177 199 187 175 185 186 178 179 185 183 195
181 206 198 183 172 187 168 173 169 184 190 188 173 189 178 182 182 188 168 182
187 161 168 183 177 188 176 168 168 188 171 196 183 181 162 152 157 176 162 150
164 162 182 162 146 199 170 199 161 114 178 169 105 154 100 146 163 81 12 135
101 53 140 111 43 124 82 82 116 92 133 120 181 145 83 97 102 168 157 150
159 120 163 129 157 173 196 192 204 197 191 182 195 178 185 196 177 182 187 181
182 174 190 193 186 198 179 190 180 191 203 176 192 186 197 184 190 189 189 191
174 183 197 198 188 189 191 189 192 191 183 182 189 188 188 181 174 191 183 167
193 182 185 188 186 193 177 183 187 179 185 192 182 191 175 184 180 196 196 208
204 193 194 186 184 164 173 165 166 186 182 180 179 192 175 164 182 200 180 173
