173 137 181 207 125 164 165 118 193 201 150 131 120 113 68 177 132 30 166 156
86 92 133 125 169 77 94 54 104 93 104 77 30 66 82 107 116 112 151 183
172 140 160 153 157 168 168 166 204 188 190 186 175 189 186 188 188 186 183 180
190 181 181 192 188 180 195 185 180 186 182 180 185 191 187 196 189 189 183 188
194 189 182 187 188 191 192 180 183 188 186 183 172 188 183 180 187 174 186 189
190 192 175 195 188 200 178 189 188 189 187 192 185 187 183 182 178 197 211 208
191 199 186 198 190 205 166 185 183 183 177 189 171 167 188 188 184 173 179 169
162 182 174 167 189 196 163 161 154 154 160 127 190 108 121 174 109 159 94 101
181 112 169 157 154 106 191 64 54 131 148 58 121 129 117 144 132 87 88 79
153 132 118 173 155 141 219 149 167 196 180 169 211 197 199 194 168 182 179 174
188 181 183 188 198 186 202 197 203 184 198 187 189 180 184 182 188 190 188 193
182 186 188 183 191 187 192 189 197 189 178 188 168 173 177 196 192 194 181 188
185 183 188 182 183 179 185 183 185 172 178 182 180 185 190 183 192 191 175 202
182 179 196 212 199 183 188 217 196 188 183 175 188 179 165 185 175 185 181 169
173 162 170 183 177 179 124 167 163 185 172 183 191 198 174 170 180 159 197 178
