169 193 184 182 179 191 171 202 192 198 207 185
170 204 163 179 172 202 195 197 183 213 190 189
193 186 173 171 185 162 165 192 175 178 179 157
152 177 160 179 168 176 160 141 142 172 151 117
154 155 145 159 142 173 187 188 138 103 126 116
63 134 88 131 177 74 17 121 95 52 55 91
27 85 79 79 112 92 122 114 168 121 59 81
112 162 149 116 159 115 168 125 149 157 177 190
216 205 211 209 221 195 191 221 198 196 206 198
201 200 219 209 218 217 196 198 190 208 216 198
208 191 213 191 197 194 208 206 189 200 197 222
190 197 206 200 205 198 206 199 200 198 200 187
