202 188 189 192 187 190 197 195 192 190 193 181
190 177 194 159 178 188 195 198 189 202 228 227
199 196 131 180 217 185 182 181 196 177 181 175
180 182 153 188 170 174 171 163 156 175 175 180
165 154 140 148 104 105 135 194 128 155 114 131
124 168 62 45 135 133 176 110 123 127 95 97
82 71 82 99 31 148 107 108 100 102 97 77
71 119 95 164 160 200 189 150 173 152 148 144
196 202 203 196 202 193 186 192 201 204 179 186
202 194 189 204 199 199 217 211 199 207 200 189
203 206 206 176 201 217 209 215 203 187 186 207
206 196 196 191 199 193 209 191 200 193 190 200
