182 179 176 177 181 177 189 170 175 181 186 188 166 188 183 182 181 197 180 190
190 196 183 190 206 204 201 199 181 188 174 188 169 169 168 181 172 156 178 171
180 174 189 175 183 183 175 175 167 197 178 178 185 140 206 149 135 140 114 90
162 130 224 88 60 148 166 36 47 167 95 94 77 113 40 71 109 68 153 58
100 154 142 126 134 165 113 154 145 143 136 149 193 160 168 172 185 197 194 191
174 181 181 186 184 192 180 171 176 184 182 184 188 191 185 180 177 187 189 167
179 189 177 183 194 183 186 183 184 176 179 193 170 176 188 175 187 173 179 186
182 185 189 190 192 180 166 167 180 193 181 192 193 171 193 189 184 194 180 187
188 173 194 181 188 197 193 194 191 191 181 192 186 168 185 179 176 193 175 173
182 188 180 172 167 169 174 164 171 153 162 172 156 188 133 190 167 163 134 173
189 173 142 94 120 190 133 84 102 143 138 102 122 91 109 174 131 193 116 42
38 134 93 140 58 102 135 97 145 94 199 160 90 123 171 167 176 180 178 184
185 195 188 190 195 195 197 181 180 189 186 186 176 176 185 182 179 182 170 185
180 184 180 176 191 193 181 191 197 191 187 192 189 184 193 181 190 190 179 185
189 177 178 183 184 172 183 181 192 183 181 176 191 186 191 186 188 173 179 186
