171 122 167 145 181 139 178 157 191 133 180 96
134 180 116 114 125 134 58 11 103 96 109 106
60 70 102 70 63 81 80 135 46 108 90 138
118 92 73 107 123 140 175 174 178 183 185 156
203 207 201 202 196 201 186 202 199 201 204 193
212 205 204 220 197 216 208 183 195 212 199 201
204 213 216 218 208 194 216 194 188 190 201 194
212 203 204 200 207 191 197 206 196 208 202 194
183 195 189 194 194 195 175 191 185 181 190 183
196 190 195 216 198 206 198 199 196 200 199 187
208 205 216 200 200 197 202 197 186 170 168 175
178 169 167 166 160 164 187 163 144 185 171 144
