196 202 203 196 202 193 186 192 201 204 179 186
202 194 189 204 199 199 217 211 199 207 200 189
203 206 206 176 201 217 209 215 203 187 186 207
206 196 196 191 199 193 209 191 200 193 190 200
204 210 197 190 195 199 193 205 187 188 181 188
195 179 189 176 178 183 209 184 198 201 226 207
205 203 195 199 189 182 172 181 188 172 165 182
161 167 173 180 161 148 152 157 162 159 155 172
142 141 135 170 206 140 145 108 134 151 135 157
140 137 116 148 129 70 50 161 168 140 161 87
38 126 148 125 47 91 21 132 58 138 112 115
124 158 132 147 89 131 144 145 172 170 154 168
