184 164 184 187 147 184 140 129 139 161 122 163 184 157 138 168 185 135 88 120
135 113 39 70 120 140 117 85 69 164 133 129 101 102 80 102 50 50 198 110
76 113 102 152 151 80 89 143 204 162 175 168 236 198 173 171 185 172 172 151
201 167 180 163 172 172 170 178 162 160 147 177 170 192 157 155 172 150 160 164
186 169 188 157 166 168 172 160 176 170 173 160 160 176 157 169 188 158 170 179
158 179 151 167 166 177 185 178 160 155 183 179 182 172 176 169 174 195 156 174
155 179 165 180 180 159 170 162 168 138 149 165 187 196 184 149 168 164 180 170
150 154 179 153 148 170 176 162 185 155 156 105 174 170 152 166 102 125 78 130
53 27 68 118 150 152 148 151 152 137 142 146 151 143 151 141 144 149 152 149
156 147 171 145 136 156 163 155 134 156 154 185 186 165 189 171 184 183 163 174
163 184 171 184 191 193 183 167 194 182 191 187 190 182 185 170 178 175 166 177
185 173 160 175 166 176 176 176 182 173 203 171 169 177 164 163 166 171 165 177
168 180 160 183 186 194 164 180 187 170 177 176 171 163 181 171 190 184 174 177
187 158 176 177 164 173 169 168 185 162 170 168 175 168 193 165 179 150 156 149
167 179 183 144 169 155 142 162 152 156 167 143 135 114 156 175 87 227 174 127
