147 96 151 139 123 88 184 156 65 89 154 182
119 70 21 72 100 155 25 0 110 82 65 92
80 23 79 142 41 142 95 120 97 67 111 85
125 124 88 117 125 136 116 107 96 119 155 134
174 175 188 173 200 204 163 184 181 200 198 185
206 182 187 198 207 190 197 206 186 184 189 185
194 195 174 195 196 203 200 171 201 193 200 204
176 160 179 177 143 176 177 191 186 138 168 192
181 172 181 167 170 186 185 143 165 151 163 157
187 152 167 167 165 165 153 171 138 151 166 168
151 155 172 149 132 141 183 157 159 122 137 123
134 147 120 139 154 134 154 116 123 133 141 137
