197 178 180 175 184 195 172 183 172 190 202 206 181 185 172 179 172 182 182 192
172 199 174 178 188 193 179 187 188 180 173 167 207 172 204 186 181 180 180 172
177 185 171 163 175 197 190 167 166 175 182 182 169 174 180 176 157 168 157 146
170 153 165 158 182 193 146 142 177 118 79 127 116 159 140 101 184 117 107 125
122 178 181 155 160 107 115 82 61 151 137 140 132 110 105 86 209 255 177 171
166 193 178 190 170 174 192 185 177 167 183 171 174 190 188 171 181 173 171 167
191 201 192 189 190 202 195 175 194 176 196 197 171 201 178 183 192 190 200 168
161 193 160 186 170 189 181 201 194 184 173 178 195 173 205 170 168 167 167 175
173 182 181 184 175 166 174 174 177 170 176 176 175 176 174 172 183 186 190 190
189 160 182 157 174 171 158 182 156 167 169 192 180 175 194 166 161 154 175 161
128 173 143 120 113 95 166 108 168 77 84 115 89 88 139 83 98 188 124 106
151 55 94 111 163 80 73 97 147 182 152 125 170 138 167 165 162 192 166 169
187 167 152 181 168 165 175 185 182 180 184 184 195 188 187 184 190 178 189 176
189 197 180 179 176 180 194 190 185 196 195 190 189 191 191 195 180 193 188 181
185 200 179 187 180 176 183 184 173 185 210 209 189 192 183 186 197 175 179 187
