125 159 124 128 113 115 121 124 106 89 133 90
71 88 113 123 91 71 132 133 133 112 82 123
28 61 68 74 53 27 45 24 0 91 69 66
128 86 80 130 79 99 129 87 42 138 100 111
192 135 175 140 148 180 166 183 167 183 221 181
177 173 183 161 195 165 188 170 182 161 172 182
153 196 190 181 184 195 184 192 178 151 130 156
154 157 162 154 171 180 178 169 156 174 155 162
170 162 156 147 136 185 175 179 170 138 139 152
161 159 142 145 184 155 146 154 158 158 159 150
159 144 166 167 178 134 166 168 140 114 129 167
110 134 100 141 127 135 139 131 138 150 130 129
