152 144 124 187 165 147 164 128 132 160 141 139
145 214 155 106 100 96 186 203 118 111 186 102
184 193 93 108 46 82 45 59 112 123 117 64
163 177 146 147 108 154 166 144 189 184 180 176
204 208 190 206 195 207 197 204 197 191 196 171
193 193 201 187 179 180 197 198 206 188 192 188
209 187 197 198 200 196 194 204 197 187 202 196
192 194 190 204 200 200 186 186 200 185 189 183
197 192 180 204 210 191 180 183 189 189 173 169
159 178 193 168 168 171 184 195 192 196 202 199
212 218 191 209 187 180 166 188 146 172 175 173
183 185 175 176 163 169 184 147 154 178 162 166
