135 159 134 101 160 113 103 120 174 124 181 133
79 145 124 60 92 155 81 165 27 84 56 193
83 71 0 64 84 18 105 108 136 168 89 30
84 118 147 73 132 141 184 142 144 168 158 165
212 207 199 179 189 190 205 187 188 196 197 174
185 201 183 178 188 180 186 187 187 192 182 188
196 191 187 199 192 191 193 175 182 190 195 190
192 199 188 170 180 194 192 178 198 194 186 186
194 198 188 189 185 212 189 180 181 177 176 180
168 181 161 179 170 175 184 201 202 205 205 214
213 207 209 196 180 167 183 176 187 182 169 176
171 185 156 167 144 174 157 153 155 134 145 155
