164 165 176 174 156 158 171 179 162 169 166 164
169 167 163 159 161 161 184 174 155 175 181 182
176 181 176 166 167 148 154 149 166 152 150 133
144 146 145 153 140 144 115 141 135 146 131 139
132 130 140 158 131 114 138 128 133 121 133 126
145 75 109 104 89 104 141 76 61 69 121 85
109 146 95 9 60 63 133 94 72 44 114 71
90 47 108 91 67 134 123 126 148 148 138 153
178 192 172 168 169 169 171 169 172 165 165 162
171 164 169 175 148 166 175 155 171 166 172 163
178 175 173 178 168 170 171 177 180 176 178 176
170 165 173 151 162 182 171 183 172 172 179 140
