188 186 181 178 179 191 186 197 184 187 173 175
184 172 167 184 180 189 199 192 190 203 205 207
216 210 216 206 182 186 168 178 185 177 187 161
184 182 157 170 180 166 178 177 136 168 154 140
135 159 134 101 160 113 103 120 174 124 181 133
79 145 124 60 92 155 81 165 27 84 56 193
83 71 0 64 84 18 105 108 136 168 89 30
84 118 147 73 132 141 184 142 144 168 158 165
212 207 199 179 189 190 205 187 188 196 197 174
185 201 183 178 188 180 186 187 187 192 182 188
196 191 187 199 192 191 193 175 182 190 195 190
192 199 188 170 180 194 192 178 198 194 186 186
