168 171 162 163 160 183 163 156 156 153 152 155
145 157 139 154 147 151 159 173 174 177 177 185
184 179 181 169 155 145 158 152 162 157 146 152
147 159 135 145 125 150 136 132 134 116 125 134
139 120 148 147 145 128 132 136 156 123 76 104
109 114 78 54 74 35 66 124 34 40 105 129
51 72 95 56 46 36 122 99 46 65 97 127
52 102 129 70 121 139 121 128 168 152 150 140
168 160 179 160 171 165 164 172 160 176 161 158
164 166 167 152 153 165 163 158 174 161 165 165
165 166 154 165 145 165 163 170 168 164 163 164
159 156 161 141 152 152 152 160 160 152 158 169
