170 178 176 140 184 169 150 176 179 53 155 202
164 170 199 200 85 122 144 150 181 110 150 192
131 57 98 91 113 84 164 106 161 99 131 163
103 68 44 104 104 158 139 152 109 130 160 156
230 194 163 207 188 201 196 204 198 207 186 188
203 187 182 168 212 175 174 184 190 185 185 197
203 191 177 203 176 195 201 195 174 164 179 164
163 160 194 154 185 161 192 189 179 170 197 190
169 193 184 182 179 191 171 202 192 198 207 185
170 204 163 179 172 202 195 197 183 213 190 189
193 186 173 171 185 162 165 192 175 178 179 157
152 177 160 179 168 176 160 141 142 172 151 117
