188 164 165 181 170 180 162 176 173 170 180 173
182 182 172 169 161 157 183 162 167 182 177 185
186 195 176 191 169 161 158 161 149 155 162 158
154 156 149 162 156 159 153 150 161 150 158 142
165 149 138 153 142 139 157 170 125 122 178 112
161 130 101 141 98 134 74 141 59 139 132 123
120 97 148 46 154 127 42 134 67 95 104 17
85 122 137 93 112 141 167 152 119 166 137 159
187 187 182 181 205 172 173 173 163 173 182 165
175 160 154 195 185 184 182 165 172 170 173 197
161 178 174 162 161 156 155 155 191 152 162 172
165 158 149 153 161 159 166 180 167 165 168 178
