197 192 180 204 210 191 180 183 189 189 173 169
159 178 193 168 168 171 184 195 192 196 202 199
212 218 191 209 187 180 166 188 146 172 175 173
183 185 175 176 163 169 184 147 154 178 162 166
165 162 175 141 149 151 137 151 126 176 131 178
168 68 96 144 143 207 143 182 146 72 162 132
58 79 178 158 133 6 52 32 69 102 94 187
156 163 161 73 102 140 153 165 164 167 164 171
212 221 201 188 198 194 190 197 194 192 199 193
192 197 192 205 200 185 197 189 205 212 219 204
209 209 207 208 194 199 193 201 196 196 203 207
208 190 194 201 190 206 203 217 199 200 197 184
