207 205 193 195 193 189 188 182 185 191 172 187
176 177 199 192 200 189 189 181 170 189 200 209
201 202 207 197 191 207 199 215 208 207 198 199
193 196 190 197 196 204 190 192 197 200 191 197
202 188 189 192 187 190 197 195 192 190 193 181
190 177 194 159 178 188 195 198 189 202 228 227
199 196 131 180 217 185 182 181 196 177 181 175
180 182 153 188 170 174 171 163 156 175 175 180
165 154 140 148 104 105 135 194 128 155 114 131
124 168 62 45 135 133 176 110 123 127 95 97
82 71 82 99 31 148 107 108 100 102 97 77
71 119 95 164 160 200 189 150 173 152 148 144
