177 153 162 168 166 174 164 173 161 159 160 159
167 163 165 159 181 182 169 161 175 184 191 180
183 173 169 180 160 156 145 150 143 164 133 146
154 147 149 154 159 143 149 146 137 158 139 141
134 113 153 177 107 141 135 85 170 154 129 113
95 62 47 135 103 28 119 105 64 70 93 95
137 57 82 45 78 66 61 22 21 30 65 92
79 94 113 148 149 122 133 159 141 137 140 157
188 171 182 174 153 170 168 172 175 172 162 170
176 164 165 172 168 160 178 170 165 165 158 162
170 168 164 183 167 167 172 167 173 165 169 172
177 178 171 165 170 171 169 162 147 167 166 163
