206 215 189 192 190 186 202 185 182 205 187 195
189 196 187 198 200 184 190 181 194 187 171 202
178 179 182 195 194 189 205 202 204 188 177 175
185 183 193 179 195 183 176 186 193 201 192 204
206 210 195 194 192 201 189 184 163 188 181 181
183 193 199 194 181 155 177 173 176 199 211 218
223 216 210 202 201 190 184 175 169 175 163 178
170 177 166 156 167 164 161 167 174 169 171 185
133 177 153 170 161 153 141 174 168 150 134 155
167 124 97 140 183 132 192 165 164 231 185 90
105 168 134 167 141 146 94 91 113 132 109 65
185 69 155 161 92 30 99 163 188 163 165 178
