155 152 166 158 168 158 147 176 142 153 173 162
178 175 151 152 133 155 151 150 147 143 127 149
133 140 145 146 143 143 157 146 148 146 145 155
155 152 174 152 153 160 149 135 141 139 158 132
155 133 134 158 156 149 136 119 140 155 134 140
152 161 135 112 144 131 114 109 101 129 96 148
99 147 142 158 143 117 129 103 121 117 28 100
90 21 112 102 80 115 64 122 97 87 158 173
188 205 187 155 140 154 151 156 155 183 160 155
162 154 145 143 161 133 165 177 164 162 165 153
152 161 146 151 168 162 166 161 148 151 152 161
146 162 155 162 142 159 148 154 143 159 140 174
