203 205 196 192 191 189 195 190 191 184 193 198
206 206 199 199 197 202 198 221 200 200 208 228
206 187 198 222 214 197 187 186 190 174 158 181
183 179 183 169 174 163 156 175 177 170 107 159
156 189 188 180 189 194 168 175 174 158 207 188
181 142 181 169 178 116 172 170 213 133 154 201
156 189 150 154 102 50 186 200 123 116 128 187
120 135 163 152 181 144 150 167 162 174 178 162
204 213 205 210 206 195 202 204 200 189 197 206
210 199 204 204 204 205 203 217 219 208 213 192
180 204 197 202 198 200 207 214 212 215 209 203
206 199 184 220 185 200 207 198 204 194 204 216
