193 180 196 173 183 195 181 192 183 193 177 190
178 176 186 181 187 176 188 190 182 198 214 199
209 201 197 200 193 174 195 200 166 166 179 162
187 175 166 171 179 187 165 187 167 147 162 126
140 180 130 162 139 145 148 121 77 136 63 133
59 150 44 121 114 77 106 102 125 49 138 25
93 34 29 17 25 97 173 170 143 86 97 137
97 113 146 109 74 148 199 166 156 149 200 183
217 193 180 179 181 174 193 180 173 186 183 171
197 186 174 170 190 187 189 185 179 181 181 193
192 193 180 195 190 186 193 190 182 193 188 194
189 195 189 181 185 177 190 187 191 170 187 189
