171 173 167 165 163 167 164 167 164 180 165 175
142 156 150 162 157 164 150 147 163 169 153 168
155 151 151 160 164 142 135 140 143 142 168 170
141 154 120 150 141 147 155 162 134 124 150 120
140 130 164 133 155 136 118 121 131 156 134 166
133 135 177 151 175 109 148 137 133 78 130 119
125 108 114 110 52 147 88 110 104 134 115 107
109 82 134 79 130 65 111 84 103 132 91 144
193 187 189 172 163 169 135 142 144 150 153 154
163 159 147 165 178 148 159 170 188 167 161 157
182 184 166 149 162 169 181 178 155 177 184 135
167 138 154 169 161 157 167 151 170 162 155 157
