207 197 185 207 210 186 208 211 201 192 204 203
203 203 217 202 194 198 190 170 192 193 193 188
193 192 196 202 170 176 175 177 183 165 202 152
155 150 164 175 171 157 163 165 165 161 172 138
154 153 168 124 143 107 154 137 111 148 186 78
199 157 133 120 155 199 189 81 83 102 29 34
90 104 91 161 86 131 17 84 155 141 147 191
185 157 174 142 130 223 168 167 211 86 212 155
196 203 211 224 211 195 227 220 200 193 194 191
208 168 211 198 224 233 206 212 220 200 186 195
224 215 179 198 190 183 187 183 193 178 192 191
198 220 207 216 225 196 184 180 186 183 198 183
