0.28235 0.33333 0.34510 0.29412 0.32157 0.29804 0.29804 0.33725 0.33725 0.25490 0.28235 0.32549
0.32941 0.32549 0.22745 0.28627 0.31373 0.29412 0.33725 0.30196 0.32157 0.29804 0.30196 0.27059
0.33333 0.30980 0.29020 0.32549 0.32157 0.33333 0.29020 0.29412 0.31373 0.31373 0.33333 0.26667
0.36471 0.33333 0.30196 0.26667 0.31765 0.37647 0.27451 0.34902 0.34510 0.31373 0.25490 0.26275
0.26275 0.35686 0.35294 0.29020 0.33333 0.29412 0.36471 0.30980 0.32157 0.33333 0.29412 0.32157
0.28627 0.28627 0.32549 0.33725 0.36863 0.38431 0.28235 0.36471 0.34510 0.28627 0.30588 0.27451
0.27059 0.23529 0.30980 0.25098 0.33725 0.36863 0.38039 0.36863 0.41569 0.39216 0.36471 0.38039
0.39608 0.38824 0.41569 0.36471 0.38824 0.37647 0.40000 0.41176 0.36863 0.41176 0.38039 0.44314
0.35294 0.41569 0.45882 0.40000 0.44314 0.45490 0.38431 0.33333 0.50980 0.52157 0.30196 0.56078
0.36863 0.49020 0.60392 0.44706 0.61569 0.47451 0.70980 0.44706 0.76863 0.45490 0.48235 0.51765
0.52941 0.61961 0.41961 0.81961 0.39608 0.50196 0.83529 0.47451 0.73725 0.62745 0.59216 0.93333
0.66667 0.52157 0.46275 0.63529 0.56078 0.44706 0.34510 0.40392 0.53333 0.34902 0.46275 0.37647
