0.29471 0.28525 0.28669 0.29445 0.27364 0.29093 0.25512 0.23248 0.29783 0.24722 0.20377 0.21497
0.26897 0.31552 0.24554 0.34420 0.26873 0.27382 0.25457 0.22352 0.24005 0.18624 0.17894 0.17100
0.22961 0.21306 0.43213 0.29541 0.17680 0.27059 0.29448 0.29120 0.23809 0.27582 0.24634 0.21896
0.30833 0.28056 0.41030 0.26846 0.32772 0.31619 0.30748 0.34182 0.35147 0.26356 0.30884 0.28744
0.40161 0.38063 0.43228 0.37388 0.57419 0.59787 0.47854 0.22657 0.45844 0.39956 0.52326 0.50246
0.54652 0.29627 0.75859 0.78364 0.47735 0.47437 0.27826 0.56780 0.51094 0.49053 0.54136 0.60612
0.72190 0.71919 0.69179 0.61151 0.80183 0.43640 0.67346 0.55675 0.56706 0.58532 0.57128 0.62181
0.56361 0.57579 0.60904 0.33889 0.38638 0.27706 0.26720 0.40574 0.26522 0.31903 0.30061 0.34541
0.18720 0.23894 0.22291 0.20676 0.16988 0.20690 0.20416 0.19569 0.22733 0.24045 0.24897 0.21645
0.23201 0.19995 0.22557 0.23321 0.23113 0.19141 0.20293 0.17108 0.20141 0.23039 0.20570 0.19443
0.23768 0.24004 0.24623 0.24395 0.24748 0.23758 0.24838 0.25488 0.27271 0.24002 0.21555 0.27340
0.28217 0.25085 0.26145 0.26961 0.26043 0.26074 0.24089 0.24975 0.31199 0.29800 0.29525 0.29397
