0.39608 0.40000 0.34118 0.51373 0.43922 0.58039 0.39608 0.46275 0.56471 0.41961 0.27059 0.69412
0.21961 0.38431 0.47843 0.52941 0.39216 0.21961 0.25882 0.68235 0.67451 0.60000 0.88627 0.86667
0.64706 0.59216 0.64314 0.36863 0.66275 0.48627 0.93333 0.67059 0.39216 0.44706 0.42353 0.25098
0.27451 0.38431 0.31765 0.44314 0.49020 0.12549 0.34118 0.34510 0.17255 0.66275 0.16863 0.39216
0.23137 0.20392 0.17255 0.12157 0.17255 0.23529 0.10980 0.13725 0.21569 0.24314 0.23922 0.25098
0.18431 0.34118 0.17255 0.22353 0.12157 0.08627 0.19216 0.16863 0.13725 0.21569 0.27059 0.23529
0.12157 0.15686 0.29804 0.22353 0.25490 0.28235 0.26667 0.28235 0.24314 0.30196 0.24706 0.25098
0.22353 0.13725 0.18824 0.15294 0.11765 0.23137 0.27843 0.29412 0.27059 0.28235 0.22353 0.28235
0.26275 0.25490 0.22745 0.23529 0.18824 0.23529 0.23137 0.21961 0.18824 0.20000 0.15294 0.18431
0.19608 0.18824 0.27059 0.20000 0.21569 0.26275 0.32941 0.24314 0.27843 0.21176 0.23922 0.21961
0.35294 0.18431 0.24314 0.29020 0.24706 0.31765 0.36078 0.40784 0.25882 0.33725 0.32941 0.42353
0.36078 0.36863 0.43529 0.35294 0.33333 0.43922 0.35686 0.35294 0.27843 0.38039 0.35294 0.40392
