0.36639 0.40614 0.45038 0.39426 0.46437 0.36549 0.28644 0.30830 0.47797 0.68969 0.58637 0.41346
0.53507 0.50883 0.70026 0.51311 0.31324 0.69365 0.86782 0.56710 0.60000 0.83270 0.77719 0.49134
0.64991 0.73897 0.72073 0.75681 0.63767 0.66630 0.61023 0.61543 0.31612 0.67262 0.71866 0.54515
0.50326 0.37857 0.44906 0.58944 0.37103 0.53609 0.35151 0.54715 0.39275 0.43653 0.33318 0.42226
0.23333 0.18508 0.19230 0.18264 0.17223 0.25286 0.28467 0.14886 0.22889 0.27950 0.24217 0.37608
0.26659 0.23860 0.20135 0.22925 0.21784 0.19810 0.25694 0.21953 0.23979 0.19766 0.25734 0.43485
0.24981 0.24275 0.19933 0.27810 0.20711 0.26739 0.21495 0.17914 0.22517 0.21459 0.27662 0.45260
0.27522 0.28239 0.22795 0.24937 0.20591 0.25750 0.23448 0.21939 0.21394 0.26254 0.20300 0.31650
0.21479 0.27013 0.27117 0.24997 0.28176 0.24653 0.30329 0.28015 0.21124 0.26739 0.28044 0.26873
0.28441 0.27823 0.31583 0.28176 0.28957 0.25591 0.26075 0.26458 0.25355 0.36180 0.26874 0.27294
0.28103 0.33203 0.32798 0.30617 0.31759 0.31131 0.32869 0.32195 0.34665 0.41311 0.37345 0.34710
0.25938 0.24179 0.26322 0.27914 0.30373 0.29961 0.30630 0.32659 0.32476 0.32323 0.29584 0.32321
