0.30196 0.49020 0.29412 0.38039 0.47451 0.37647 0.30196 0.30196 0.28627 0.40784 0.43922 0.74902
0.74510 0.62353 0.60784 0.72157 0.75686 0.52549 0.82745 0.50980 0.39216 0.47059 0.65882 0.67843
0.47843 0.60000 0.84314 0.76863 0.71373 0.83529 0.39608 0.40000 0.61569 0.70980 0.90588 0.38824
0.56471 0.34510 0.40392 0.44314 0.35294 0.41569 0.54118 0.37255 0.41569 0.28235 0.33333 0.44706
0.23922 0.19216 0.18431 0.20392 0.23922 0.28627 0.25490 0.24314 0.27451 0.26275 0.26275 0.24706
0.26275 0.22745 0.25490 0.21176 0.22745 0.25098 0.22353 0.20392 0.21961 0.30588 0.29804 0.25098
0.24706 0.23137 0.24706 0.25882 0.27843 0.23137 0.23137 0.21176 0.25490 0.28627 0.22745 0.29804
0.31373 0.25098 0.23529 0.23922 0.15686 0.26667 0.30196 0.29412 0.31373 0.25882 0.25882 0.29020
0.24314 0.29412 0.23137 0.32157 0.28235 0.23529 0.29020 0.24706 0.28235 0.24314 0.30588 0.25490
0.30196 0.30980 0.27059 0.29020 0.26667 0.30980 0.26275 0.25490 0.28627 0.22353 0.16078 0.21961
0.18039 0.21176 0.22745 0.21569 0.24314 0.31765 0.23529 0.21569 0.34902 0.34902 0.29804 0.36471
0.26667 0.31373 0.34902 0.32941 0.29804 0.26667 0.35294 0.26667 0.34510 0.42353 0.36471 0.50588
