0.43459 0.50325 0.48003 0.62216 0.56063 0.68576 0.44722 0.53825 0.64248 0.48556 0.39419 0.70618
0.56699 0.47231 0.54964 0.65237 0.47594 0.35165 0.35962 0.72325 0.73103 0.68574 0.84988 0.77199
0.62213 0.69268 0.71555 0.46975 0.77165 0.57237 0.86165 0.72543 0.44750 0.51868 0.56678 0.39374
0.52172 0.48548 0.40541 0.52358 0.55894 0.27043 0.42392 0.43884 0.28920 0.65021 0.32790 0.42478
0.31667 0.30637 0.27619 0.25560 0.30400 0.36500 0.26243 0.27724 0.34502 0.30578 0.35186 0.34985
0.32074 0.40307 0.31620 0.29636 0.25484 0.25864 0.28065 0.28967 0.29221 0.33346 0.36920 0.37835
0.32135 0.28271 0.38591 0.30884 0.35510 0.33131 0.33280 0.36808 0.32237 0.38055 0.31372 0.30595
0.31610 0.25938 0.30856 0.31938 0.29290 0.30399 0.33890 0.35633 0.32153 0.40530 0.36367 0.37038
0.33449 0.34617 0.33440 0.37796 0.36664 0.32681 0.36157 0.30684 0.32606 0.34707 0.34209 0.34992
0.30290 0.33861 0.33549 0.33408 0.31505 0.34335 0.32651 0.27118 0.32793 0.30339 0.30213 0.29508
0.34222 0.34691 0.37058 0.36283 0.35532 0.35911 0.37637 0.40112 0.37265 0.39271 0.32973 0.35957
0.39350 0.39740 0.39359 0.40875 0.43714 0.42324 0.39678 0.43346 0.40496 0.41885 0.38331 0.37976
