0.38431 0.17647 0.22745 0.27843 0.27059 0.42353 0.26275 0.40000 0.35686 0.43922 0.35686 0.35294
0.15294 0.37647 0.20392 0.29412 0.29804 0.51373 0.26275 0.18824 0.51765 0.36078 0.25098 0.25490
0.33333 0.25490 0.25098 0.24706 0.72941 0.71373 0.53333 0.61961 0.66667 0.69412 0.75294 0.45098
0.58431 0.64706 0.42353 0.75294 0.86275 0.56863 0.34902 0.43137 0.20784 0.67059 0.43922 0.38824
0.34118 0.04706 0.16863 0.39608 0.39608 0.29412 0.40392 0.27059 0.24706 0.30196 0.39608 0.23529
0.12549 0.23529 0.37255 0.36863 0.21176 0.28235 0.21569 0.27451 0.20392 0.26667 0.18824 0.32549
0.30980 0.27059 0.24314 0.32157 0.23529 0.27843 0.17255 0.19608 0.35294 0.27843 0.30588 0.31765
0.29020 0.35686 0.28235 0.27451 0.42353 0.29020 0.37647 0.43137 0.36471 0.30588 0.21176 0.34902
0.22353 0.38039 0.38431 0.24706 0.33333 0.25098 0.37255 0.29804 0.30980 0.30588 0.29412 0.29020
0.23137 0.36471 0.17255 0.22745 0.25882 0.33333 0.26275 0.32941 0.27451 0.34902 0.33725 0.23529
0.27843 0.35686 0.39216 0.36078 0.21961 0.32941 0.47059 0.33333 0.32941 0.33725 0.34902 0.39608
0.42745 0.45882 0.34118 0.44314 0.36863 0.41569 0.36471 0.32549 0.25490 0.55294 0.29412 0.42353
