0.35368 0.19793 0.26436 0.29430 0.29180 0.42121 0.29713 0.47036 0.34999 0.38824 0.38782 0.39610
0.30357 0.36711 0.24616 0.32091 0.30371 0.52780 0.28171 0.20955 0.56782 0.40861 0.36149 0.50431
0.41996 0.26887 0.30414 0.29027 0.74908 0.77943 0.59935 0.67057 0.74729 0.78345 0.70784 0.55799
0.64298 0.71807 0.46935 0.74328 0.83869 0.66983 0.42483 0.52328 0.26732 0.73307 0.55842 0.42234
0.30781 0.12902 0.23114 0.44184 0.37140 0.30116 0.45831 0.33131 0.24884 0.33804 0.35214 0.32275
0.22370 0.27266 0.41035 0.40179 0.22345 0.25682 0.22485 0.30347 0.24155 0.37540 0.23965 0.26800
0.33079 0.31746 0.26158 0.38279 0.29718 0.33266 0.23898 0.25919 0.37788 0.34740 0.29226 0.30212
0.31892 0.31427 0.30545 0.35523 0.53812 0.40409 0.44506 0.44331 0.33852 0.40747 0.31638 0.28141
0.24976 0.30053 0.30992 0.29304 0.29764 0.31095 0.25769 0.30333 0.29481 0.31937 0.28631 0.30256
0.24982 0.36647 0.36139 0.36887 0.37031 0.40879 0.37390 0.31464 0.37220 0.24647 0.29415 0.25689
0.26386 0.30884 0.30367 0.35699 0.42942 0.33735 0.33670 0.33468 0.42720 0.39998 0.34738 0.31846
0.29715 0.27771 0.29129 0.27547 0.27427 0.28808 0.31736 0.38411 0.36412 0.32120 0.29457 0.30393
