0.19216 0.12941 0.21961 0.23922 0.23137 0.23137 0.22745 0.23137 0.21961 0.24706 0.25098 0.26275
0.22353 0.25490 0.23137 0.20784 0.32549 0.24706 0.20392 0.29804 0.22353 0.24706 0.21961 0.25882
0.18824 0.20392 0.21569 0.19216 0.23922 0.22745 0.22353 0.19608 0.18431 0.20392 0.19216 0.20392
0.22745 0.25098 0.21569 0.31373 0.26667 0.17255 0.22353 0.16863 0.21569 0.21961 0.18824 0.36471
0.20000 0.18039 0.29804 0.26667 0.20784 0.23529 0.27059 0.16078 0.21569 0.18039 0.21961 0.28235
0.27059 0.25882 0.23137 0.25490 0.26275 0.21569 0.24314 0.16863 0.21569 0.12941 0.12157 0.19608
0.21569 0.20392 0.14118 0.23137 0.22353 0.14118 0.26667 0.30196 0.28627 0.31373 0.25098 0.18824
0.32157 0.27843 0.33725 0.34510 0.31373 0.27843 0.36078 0.40000 0.38824 0.34510 0.34902 0.25882
0.22353 0.38039 0.25490 0.27059 0.34118 0.25882 0.28627 0.32549 0.24706 0.41569 0.33725 0.37647
0.35294 0.28235 0.33725 0.37255 0.46275 0.49412 0.51373 0.51373 0.35294 0.52549 0.43529 0.56471
0.72157 0.83529 0.38824 0.74118 0.50196 0.58039 0.86667 0.57255 0.57255 0.71373 0.38431 0.59216
0.70980 0.53725 0.39608 0.47451 0.49020 0.65882 0.40784 0.39608 0.21569 0.29020 0.25882 0.49020
