0.24049 0.15948 0.22758 0.24751 0.22768 0.22457 0.21513 0.25745 0.24446 0.23369 0.22004 0.22565
0.22168 0.31224 0.22962 0.24716 0.30628 0.24506 0.22134 0.30673 0.22852 0.28397 0.22654 0.25064
0.21967 0.22774 0.24736 0.20793 0.26036 0.24266 0.21553 0.20896 0.19804 0.24064 0.20402 0.25629
0.27521 0.25900 0.26164 0.33985 0.26033 0.19148 0.22585 0.19617 0.23765 0.21328 0.21856 0.22213
0.19263 0.20902 0.31944 0.26156 0.22691 0.23311 0.29321 0.19894 0.20658 0.23652 0.25137 0.22551
0.26709 0.29760 0.24933 0.26442 0.30045 0.23854 0.27141 0.21356 0.23933 0.22236 0.17856 0.19635
0.21134 0.22889 0.16179 0.23486 0.23968 0.18569 0.30933 0.33156 0.31268 0.36357 0.25520 0.24903
0.36031 0.28956 0.36678 0.35945 0.35116 0.30968 0.38163 0.41352 0.40024 0.42676 0.32495 0.31579
0.36855 0.35501 0.36871 0.36555 0.40844 0.40314 0.43372 0.41823 0.42670 0.46458 0.49035 0.43170
0.45978 0.55502 0.50767 0.51021 0.54071 0.53959 0.54565 0.46878 0.53100 0.58075 0.55571 0.48831
0.59589 0.57166 0.59881 0.65963 0.69710 0.69394 0.64698 0.63229 0.67773 0.66140 0.61677 0.52673
0.55626 0.52135 0.46595 0.45068 0.41933 0.43046 0.39283 0.37666 0.34157 0.33510 0.33008 0.35547
