0.53725 0.49020 0.36863 0.43137 0.52941 0.40784 0.50588 0.54902 0.43922 0.55294 0.32941 0.44314
0.65098 0.57255 0.49412 0.47059 0.51373 0.61569 0.52157 0.60000 0.73725 0.74510 0.67059 0.51765
0.48627 0.58824 0.79608 1.00000 0.65882 0.72941 0.73333 0.54902 0.91765 0.80784 0.70588 0.79216
0.87059 0.71373 0.45490 0.61569 0.82353 0.82745 0.51765 0.40392 0.50588 0.38039 0.43137 0.46275
0.33725 0.29804 0.26667 0.41569 0.42353 0.36078 0.39216 0.38431 0.34510 0.37255 0.43137 0.46667
0.38824 0.38039 0.37255 0.46667 0.44706 0.38824 0.34902 0.35686 0.36078 0.41176 0.39608 0.42353
0.46275 0.42745 0.38039 0.40392 0.36471 0.44314 0.42353 0.41176 0.33725 0.32941 0.54510 0.31765
0.41176 0.40392 0.40784 0.37255 0.41961 0.42745 0.42353 0.45490 0.36078 0.43137 0.43529 0.48235
0.43922 0.46667 0.42745 0.39216 0.50980 0.40392 0.48235 0.42353 0.34510 0.36471 0.46667 0.44706
0.43922 0.48235 0.35294 0.42745 0.33333 0.40392 0.40784 0.50196 0.46275 0.42745 0.42353 0.40000
0.33725 0.34510 0.35294 0.43137 0.42353 0.45098 0.46275 0.42745 0.46275 0.43137 0.49020 0.45882
0.49412 0.52549 0.45490 0.40000 0.47451 0.49412 0.41961 0.50980 0.49804 0.36078 0.40784 0.47059
