0.29550 0.24765 0.30151 0.29883 0.25846 0.19545 0.26217 0.29232 0.27113 0.27480 0.24283 0.25026
0.28858 0.27762 0.34272 0.32008 0.31101 0.31706 0.31315 0.23527 0.21983 0.17080 0.20887 0.17803
0.19847 0.19438 0.20693 0.22875 0.26778 0.28699 0.27143 0.30185 0.29061 0.28969 0.26612 0.24088
0.36750 0.26029 0.34708 0.32075 0.41179 0.32066 0.36005 0.37247 0.36700 0.41184 0.43453 0.34377
0.39939 0.46327 0.32627 0.33060 0.33957 0.37978 0.40144 0.37072 0.30092 0.40085 0.59766 0.52291
0.54769 0.47505 0.65996 0.75438 0.67116 0.80306 0.70437 0.43123 0.80979 0.72629 0.51004 0.42804
0.71187 0.64537 0.54372 0.76323 0.79377 0.83080 0.43935 0.59703 0.77211 0.65835 0.48664 0.40973
0.58901 0.55587 0.51935 0.61585 0.43821 0.42129 0.46123 0.38478 0.27156 0.30809 0.24522 0.35012
0.18730 0.23582 0.21332 0.27801 0.21918 0.20859 0.25222 0.19094 0.21646 0.16491 0.20343 0.24869
0.23659 0.26039 0.22802 0.22693 0.26405 0.24887 0.22083 0.22766 0.19574 0.17198 0.19386 0.20844
0.21656 0.23905 0.23046 0.22854 0.26150 0.25760 0.27119 0.25440 0.27335 0.23163 0.25379 0.26398
0.27154 0.25012 0.26595 0.27600 0.27608 0.27271 0.25756 0.29510 0.32409 0.32382 0.26268 0.28282
