0.20000 0.24314 0.27059 0.27451 0.17647 0.27451 0.21176 0.24706 0.28627 0.29020 0.21961 0.23529
0.14902 0.24314 0.24706 0.28627 0.32549 0.24706 0.24314 0.25882 0.27451 0.20784 0.23529 0.17647
0.26275 0.25490 0.17647 0.24314 0.25490 0.29412 0.25098 0.33725 0.26667 0.29020 0.29804 0.36863
0.29804 0.32941 0.34902 0.39608 0.36078 0.34510 0.30196 0.35686 0.43137 0.42353 0.18039 0.42353
0.33333 0.31373 0.49412 0.46667 0.22353 0.40784 0.25490 0.37647 0.38039 0.38039 0.41961 0.43922
0.67451 0.48235 0.60392 0.50196 0.69412 0.34902 0.39608 0.40784 0.59608 0.67059 0.45098 0.64314
0.32549 0.38431 0.80000 0.49804 0.66667 0.80784 0.78431 0.60392 0.65098 0.66275 0.89804 0.52941
0.64706 0.67843 0.45490 0.15686 0.30196 0.24706 0.45490 0.22745 0.38039 0.35686 0.31765 0.36471
0.10980 0.23137 0.24314 0.17647 0.19608 0.26275 0.21569 0.22353 0.19216 0.21569 0.25098 0.21176
0.24314 0.20000 0.29412 0.22353 0.29412 0.24314 0.25490 0.21569 0.24314 0.21569 0.27059 0.25098
0.20000 0.19216 0.23529 0.20784 0.26667 0.23922 0.23137 0.28235 0.25098 0.27451 0.25098 0.28235
0.23137 0.24706 0.23922 0.24314 0.25098 0.29020 0.26667 0.25490 0.24314 0.23922 0.21569 0.21176
