0.32006 0.30510 0.33425 0.44793 0.42240 0.40639 0.42535 0.31365 0.37929 0.33227 0.45189 0.39708
0.33711 0.36025 0.35991 0.42137 0.41708 0.35515 0.33910 0.35359 0.34569 0.37809 0.40576 0.34403
0.38661 0.44992 0.39619 0.40398 0.33704 0.43969 0.41044 0.40040 0.35699 0.34402 0.49306 0.38287
0.38002 0.40082 0.37839 0.41587 0.43585 0.45090 0.41022 0.38826 0.35925 0.43018 0.41479 0.41149
0.35223 0.45539 0.46126 0.45761 0.50897 0.42181 0.50385 0.36439 0.35274 0.37399 0.51074 0.44129
0.42027 0.52547 0.40652 0.49773 0.40935 0.44802 0.42826 0.48240 0.45020 0.45684 0.46898 0.39990
0.37079 0.35396 0.36147 0.44302 0.46217 0.48069 0.49791 0.43655 0.42355 0.45602 0.53520 0.45040
0.47985 0.53848 0.44872 0.39443 0.43734 0.44175 0.42081 0.44794 0.44803 0.37463 0.46435 0.53573
0.51269 0.42228 0.45996 0.47392 0.44541 0.42293 0.42963 0.42407 0.45798 0.55719 0.45923 0.48220
0.48289 0.45853 0.49421 0.53952 0.49192 0.54831 0.55015 0.52742 0.55934 0.64591 0.54910 0.55563
0.61709 0.59844 0.62520 0.67012 0.68181 0.72310 0.74926 0.68894 0.65392 0.61945 0.53001 0.55470
0.62825 0.59674 0.57415 0.52839 0.48189 0.45794 0.43193 0.43121 0.40596 0.42192 0.41046 0.40685
