0.47843 0.30588 0.40000 0.33333 0.36863 0.40000 0.44706 0.31765 0.34118 0.41176 0.47451 0.39216
0.34510 0.51373 0.61961 0.45098 0.28235 0.48235 0.24706 0.35294 0.35686 0.09412 0.27451 0.64706
0.58824 0.34118 0.47451 0.34510 0.44706 0.42745 0.63137 0.64314 0.55686 0.48235 0.57255 0.74510
0.27451 0.72941 0.39216 0.36863 0.63922 0.88235 0.61176 0.36078 0.26275 0.36078 0.35294 0.30196
0.16863 0.13333 0.14118 0.25490 0.17255 0.25490 0.35294 0.24706 0.24314 0.20784 0.19608 0.34118
0.21569 0.25490 0.22353 0.23137 0.21569 0.29020 0.24706 0.30196 0.27843 0.28627 0.26275 0.20000
0.29804 0.22745 0.25882 0.29804 0.26667 0.23137 0.27451 0.24706 0.26667 0.28627 0.32941 0.27059
0.28627 0.30196 0.25098 0.33333 0.32549 0.25882 0.24706 0.26275 0.25490 0.27059 0.21569 0.22745
0.29804 0.30980 0.24706 0.28627 0.23922 0.28235 0.32941 0.20392 0.35294 0.30588 0.21176 0.26275
0.19216 0.20392 0.31765 0.30980 0.39608 0.29804 0.31373 0.31765 0.33333 0.34902 0.42353 0.32157
0.39608 0.36471 0.34118 0.33725 0.35294 0.35294 0.28627 0.33725 0.32549 0.33333 0.34118 0.29804
0.29804 0.30980 0.21176 0.30980 0.30588 0.27451 0.32157 0.38824 0.36078 0.37255 0.28235 0.40392
