0.38485 0.47950 0.49059 0.49469 0.52656 0.43902 0.50639 0.40520 0.35042 0.33701 0.55395 0.46132
0.42581 0.53056 0.41087 0.50831 0.41442 0.45316 0.43169 0.48428 0.45546 0.45738 0.47510 0.40139
0.38739 0.35139 0.35302 0.42232 0.44644 0.48654 0.48734 0.43006 0.40044 0.45428 0.55298 0.44475
0.49159 0.54275 0.43882 0.37555 0.44050 0.46239 0.45043 0.45514 0.42263 0.42866 0.45930 0.54529
0.44400 0.32301 0.34600 0.37158 0.32762 0.42771 0.38343 0.41453 0.37727 0.59230 0.52821 0.50705
0.45797 0.44085 0.33604 0.42150 0.34455 0.55071 0.41758 0.33716 0.56092 0.50847 0.45924 0.44450
0.51329 0.31329 0.32466 0.36902 0.77732 0.79256 0.68875 0.68100 0.71134 0.75003 0.81351 0.58867
0.59975 0.67409 0.49721 0.72934 0.72752 0.58544 0.41199 0.45259 0.33076 0.63179 0.45110 0.52978
0.33110 0.26910 0.29999 0.35346 0.30709 0.30308 0.31726 0.26763 0.34772 0.34175 0.27945 0.39258
0.36973 0.32356 0.37357 0.33154 0.31035 0.31858 0.30661 0.27351 0.30880 0.37119 0.29660 0.30375
0.34755 0.35693 0.36011 0.32742 0.31635 0.33154 0.32975 0.36947 0.37113 0.34829 0.31193 0.31758
0.36218 0.33151 0.33238 0.35085 0.35786 0.35995 0.36453 0.38563 0.38257 0.38846 0.38101 0.36168
