0.14902 0.15294 0.17647 0.17647 0.06667 0.21961 0.21176 0.21569 0.26275 0.21569 0.17255 0.25098
0.20392 0.27059 0.30196 0.11373 0.16078 0.16471 0.17647 0.25098 0.21961 0.22745 0.21569 0.10588
0.26667 0.19216 0.21176 0.26667 0.26667 0.29412 0.29412 0.29804 0.12941 0.30980 0.26667 0.21961
0.25098 0.28627 0.32157 0.30588 0.27059 0.27843 0.24706 0.18431 0.23922 0.25098 0.23922 0.19216
0.22745 0.21176 0.23922 0.24706 0.25882 0.24314 0.25490 0.24314 0.25490 0.18431 0.25098 0.20392
0.35294 0.29412 0.32157 0.26275 0.28627 0.25490 0.31765 0.33333 0.25882 0.23137 0.30588 0.23529
0.29412 0.31373 0.31765 0.27059 0.25490 0.35294 0.38431 0.36471 0.34902 0.35686 0.23529 0.22745
0.35686 0.30196 0.45490 0.32157 0.35686 0.33333 0.29804 0.26667 0.39216 0.43529 0.31765 0.45490
0.36471 0.40784 0.25490 0.39608 0.29412 0.38431 0.46275 0.45098 0.40392 0.29020 0.39216 0.24706
0.39608 0.38431 0.19608 0.31373 0.20784 0.50588 0.32941 0.38039 0.40000 0.64314 0.40784 0.46275
0.43137 0.50980 0.48627 0.50196 0.76471 0.33333 0.60000 0.49804 0.52941 0.39216 0.47843 0.51373
0.50588 0.62745 0.39216 0.64314 0.41176 0.70588 0.49804 0.61961 0.53333 0.40392 0.58824 0.34510
