0.18868 0.15768 0.18854 0.20215 0.10931 0.25128 0.24411 0.22050 0.27782 0.24056 0.18862 0.21448
0.20852 0.23162 0.29635 0.15960 0.19243 0.19795 0.20282 0.23659 0.17500 0.21206 0.18405 0.14551
0.25454 0.18943 0.20276 0.24392 0.24434 0.28534 0.27803 0.26814 0.13943 0.29340 0.24787 0.22878
0.22499 0.28273 0.29091 0.27382 0.27840 0.23677 0.26662 0.20300 0.21472 0.21203 0.25526 0.17030
0.24112 0.22898 0.26312 0.26794 0.28289 0.27102 0.29888 0.23861 0.25391 0.19916 0.19366 0.19905
0.31136 0.29716 0.32448 0.25475 0.29203 0.26236 0.31989 0.31216 0.24174 0.20500 0.19321 0.18780
0.29314 0.34365 0.30705 0.31829 0.29461 0.36685 0.40564 0.37183 0.32432 0.33576 0.24391 0.25869
0.34012 0.32474 0.42046 0.34492 0.36398 0.33599 0.34900 0.28663 0.49328 0.38920 0.26955 0.33761
0.37362 0.29653 0.29991 0.32084 0.33803 0.38036 0.36636 0.38226 0.23474 0.48326 0.46821 0.44912
0.44769 0.41336 0.41344 0.42961 0.40896 0.43456 0.41035 0.42318 0.38383 0.54892 0.62564 0.47898
0.51838 0.54857 0.54863 0.58290 0.61090 0.58600 0.65166 0.55458 0.77509 0.62242 0.67388 0.64075
0.63057 0.59314 0.57778 0.53095 0.49862 0.45952 0.42719 0.40933 0.40310 0.40969 0.40177 0.37927
