0.43137 0.17647 0.28235 0.47843 0.47843 0.39216 0.48627 0.36863 0.34902 0.39608 0.47843 0.33725
0.24314 0.33725 0.45882 0.45490 0.31765 0.38039 0.32157 0.37255 0.30980 0.36863 0.29804 0.41569
0.40392 0.36863 0.34510 0.41569 0.34118 0.37647 0.28627 0.30588 0.44314 0.37647 0.40000 0.41176
0.38824 0.44706 0.38039 0.37255 0.50196 0.38824 0.46275 0.50980 0.45098 0.40000 0.31765 0.43922
0.32941 0.46275 0.47059 0.34902 0.42353 0.35294 0.45882 0.39216 0.40392 0.40000 0.38824 0.38431
0.33333 0.45098 0.28627 0.33333 0.35686 0.42353 0.36471 0.41961 0.37255 0.43922 0.42745 0.33725
0.37647 0.44314 0.47451 0.44706 0.32549 0.41961 0.54118 0.42353 0.42353 0.42745 0.43529 0.47843
0.50588 0.53333 0.43137 0.51765 0.45490 0.49412 0.45098 0.41569 0.35686 0.61569 0.38824 0.50196
0.42353 0.62353 0.40784 0.45490 0.51765 0.65490 0.27843 0.38824 0.74510 0.65098 0.39608 0.28627
0.53333 0.72549 0.91765 0.71765 0.60784 0.39216 0.90196 1.00000 0.56863 0.67843 0.74510 0.63922
0.68627 0.90980 0.69020 0.44314 0.83922 0.44314 0.62745 0.52941 0.61961 0.73725 0.56471 0.66667
0.50980 0.51373 0.65490 0.54118 0.50980 0.46667 0.54510 0.58039 0.62353 0.53333 0.39216 0.47451
