0.29733 0.26741 0.25339 0.23652 0.21350 0.22744 0.23784 0.21844 0.24898 0.22402 0.14976 0.16851
0.22780 0.21826 0.28204 0.21012 0.23992 0.30079 0.32521 0.23826 0.26328 0.21379 0.22065 0.20793
0.27191 0.20635 0.25852 0.27983 0.23983 0.30475 0.33086 0.39638 0.25694 0.28252 0.26679 0.27657
0.29215 0.35443 0.40734 0.35201 0.36273 0.43952 0.35035 0.30298 0.27884 0.30868 0.25828 0.39690
0.40194 0.36916 0.25875 0.31944 0.44046 0.31223 0.40525 0.46822 0.31633 0.51104 0.24233 0.35297
0.50068 0.46523 0.41613 0.35470 0.40643 0.55768 0.42688 0.45694 0.67564 0.66760 0.61345 0.46539
0.43765 0.49426 0.73079 0.89854 0.57458 0.66586 0.68332 0.40650 0.78812 0.69705 0.66327 0.61970
0.71254 0.63749 0.38902 0.55075 0.69120 0.71299 0.34909 0.34616 0.33095 0.25593 0.26710 0.35665
0.18566 0.22174 0.23254 0.19401 0.20047 0.23250 0.23414 0.22744 0.20085 0.21810 0.22747 0.23058
0.25476 0.20293 0.19321 0.24172 0.19077 0.22719 0.22102 0.23621 0.21438 0.29271 0.33375 0.21391
0.23689 0.22556 0.18971 0.25060 0.22422 0.24594 0.28062 0.28618 0.26049 0.25643 0.29138 0.31354
0.28387 0.23915 0.23065 0.24938 0.25835 0.27181 0.26417 0.26576 0.33959 0.30451 0.31947 0.30142
