0.32941 0.21569 0.19608 0.14510 0.18824 0.18039 0.23922 0.28627 0.23922 0.22745 0.25490 0.25490
0.20392 0.25490 0.29020 0.20784 0.19608 0.28235 0.18824 0.24706 0.24314 0.19608 0.19216 0.23137
0.17647 0.21569 0.22353 0.20000 0.25490 0.22745 0.17647 0.25098 0.20000 0.20392 0.30196 0.34118
0.20392 0.30196 0.30588 0.28627 0.32941 0.28235 0.19216 0.29804 0.20784 0.18039 0.25882 0.20392
0.21569 0.20784 0.17647 0.30980 0.29412 0.29412 0.25490 0.25098 0.25098 0.26667 0.19608 0.22353
0.18824 0.22745 0.18824 0.23922 0.16471 0.26275 0.24314 0.23529 0.34902 0.20784 0.25490 0.21569
0.12549 0.16471 0.14510 0.25490 0.29020 0.25098 0.27843 0.26275 0.26275 0.23922 0.28235 0.30980
0.32941 0.29804 0.31765 0.36078 0.36471 0.38824 0.38824 0.36471 0.39608 0.27451 0.40000 0.36471
0.32941 0.52157 0.34510 0.43137 0.29020 0.45490 0.30196 0.38431 0.25098 0.47843 0.29412 0.62353
0.47451 0.29412 0.54510 0.55294 0.50980 0.47451 0.77255 0.95686 0.59608 0.62353 0.57255 0.58431
0.76471 0.72549 0.60000 0.72549 0.75294 0.68235 0.68627 0.47059 0.81961 0.57647 0.64706 0.45882
0.53725 0.63922 0.71373 0.58039 0.51765 0.45098 0.31373 0.31765 0.30196 0.28235 0.27451 0.38824
