0.30044 0.20257 0.19358 0.14588 0.19209 0.17870 0.26834 0.30680 0.22156 0.20139 0.23037 0.22501
0.23632 0.24892 0.28685 0.22531 0.19259 0.26385 0.17454 0.21279 0.24403 0.18568 0.23818 0.24431
0.22234 0.20867 0.20980 0.22607 0.22475 0.20073 0.19099 0.22518 0.21261 0.21121 0.23016 0.25362
0.23437 0.26968 0.28631 0.27592 0.30459 0.24679 0.23319 0.28536 0.19530 0.19132 0.20110 0.19781
0.23624 0.24397 0.20522 0.29303 0.30331 0.27184 0.29588 0.23102 0.25580 0.21825 0.19608 0.19773
0.23456 0.24097 0.19345 0.26757 0.19458 0.25213 0.23927 0.27398 0.33517 0.17198 0.20954 0.19923
0.19111 0.18787 0.18352 0.25776 0.29569 0.27292 0.31396 0.25930 0.28392 0.21913 0.25594 0.29292
0.35924 0.32260 0.34506 0.38330 0.37932 0.37285 0.41813 0.37457 0.36734 0.26114 0.34323 0.34763
0.31719 0.26096 0.31230 0.31144 0.33685 0.40165 0.37690 0.39777 0.33438 0.43935 0.49797 0.47313
0.42146 0.45705 0.50263 0.50994 0.50519 0.50445 0.40622 0.48119 0.58769 0.53847 0.56785 0.49428
0.52829 0.61054 0.64816 0.57296 0.62823 0.65717 0.60759 0.52893 0.80667 0.58832 0.62438 0.60266
0.54771 0.49374 0.46951 0.44906 0.44453 0.43523 0.38748 0.34861 0.34877 0.36991 0.36230 0.35702
