0.21176 0.23529 0.25882 0.20784 0.17647 0.23529 0.24314 0.25098 0.20784 0.25490 0.28627 0.31765
0.33333 0.26667 0.20392 0.34118 0.34902 0.31373 0.28627 0.29020 0.26667 0.21176 0.15294 0.16863
0.11765 0.18039 0.18824 0.26667 0.29412 0.25098 0.25490 0.32549 0.29412 0.40000 0.28627 0.32941
0.28235 0.37255 0.36078 0.37255 0.36078 0.29804 0.38431 0.33333 0.28627 0.33333 0.41176 0.43922
0.40392 0.43529 0.51373 0.26667 0.35294 0.42353 0.35686 0.49804 0.48235 0.37255 0.44706 0.45490
0.43137 0.16078 0.39216 0.58431 0.60784 0.62353 0.27059 0.20392 0.53725 0.56471 0.27059 0.60000
0.27843 0.24314 0.63529 0.57647 0.81961 0.67843 0.82353 0.76863 0.56078 0.51765 0.54118 0.74902
0.36078 0.30588 0.42745 0.42353 0.57647 0.39608 0.34902 0.43529 0.25882 0.27843 0.29412 0.30980
0.20000 0.18431 0.25490 0.19216 0.23529 0.18824 0.22745 0.20000 0.22745 0.25098 0.23137 0.32941
0.24314 0.24314 0.21176 0.26667 0.29804 0.29412 0.22745 0.22353 0.19216 0.26275 0.24706 0.26275
0.18039 0.26667 0.22745 0.22353 0.21569 0.23137 0.23922 0.20000 0.22745 0.26667 0.20784 0.23137
0.24706 0.23922 0.25490 0.20000 0.21569 0.21569 0.27059 0.27059 0.21569 0.27451 0.25882 0.28235
