0.26959 0.21855 0.26725 0.25621 0.24169 0.23279 0.26376 0.22198 0.25502 0.31150 0.30407 0.27532
0.26045 0.30840 0.25081 0.31516 0.29339 0.29152 0.21833 0.28503 0.21951 0.26656 0.14857 0.18760
0.22752 0.22978 0.25596 0.23361 0.28625 0.28443 0.33780 0.29302 0.24998 0.36167 0.31482 0.29293
0.36903 0.35050 0.33820 0.30543 0.38584 0.42705 0.42681 0.40313 0.34403 0.42979 0.37101 0.38213
0.44401 0.43639 0.47390 0.34892 0.23996 0.49559 0.44146 0.61979 0.51217 0.49032 0.44315 0.43289
0.47892 0.50687 0.57742 0.45983 0.50537 0.71991 0.82461 0.38865 0.30107 0.47956 0.33250 0.55304
0.65746 0.52527 0.43076 0.59108 0.83033 0.71350 0.84301 0.49626 0.80675 0.52076 0.60017 0.56213
0.52800 0.47791 0.55306 0.49666 0.68989 0.54928 0.51280 0.45485 0.34589 0.41529 0.36936 0.42117
0.19808 0.22514 0.23868 0.29904 0.21360 0.24994 0.23558 0.29695 0.25897 0.26006 0.26191 0.26600
0.22460 0.27803 0.21928 0.23237 0.23497 0.24243 0.27291 0.28189 0.23146 0.26967 0.25490 0.27731
0.25236 0.29202 0.26671 0.25406 0.26107 0.25623 0.27070 0.30261 0.25846 0.31760 0.30485 0.33251
0.30261 0.28657 0.28610 0.29263 0.28056 0.26909 0.25974 0.29005 0.29432 0.30553 0.28363 0.32325
