0.16863 0.23137 0.24314 0.18039 0.21176 0.18824 0.18431 0.23529 0.23137 0.14118 0.16863 0.21961
0.22353 0.21961 0.10588 0.17255 0.20784 0.18431 0.23529 0.19216 0.21569 0.18431 0.18824 0.15686
0.22745 0.20000 0.17647 0.21961 0.21569 0.22745 0.18039 0.18039 0.20784 0.20784 0.22745 0.14902
0.26667 0.22745 0.19216 0.14902 0.21176 0.27451 0.16078 0.24706 0.24314 0.20392 0.13725 0.14510
0.14510 0.25490 0.25490 0.18039 0.22745 0.18431 0.26275 0.20000 0.21176 0.22745 0.18431 0.21569
0.17255 0.17647 0.21961 0.23529 0.26667 0.29020 0.16863 0.26667 0.23922 0.17255 0.20000 0.15686
0.15686 0.11373 0.20000 0.13333 0.23529 0.26667 0.28235 0.27059 0.32549 0.29412 0.26275 0.28235
0.29804 0.29020 0.32549 0.26275 0.29412 0.27451 0.30588 0.32157 0.27059 0.31765 0.28235 0.35294
0.25490 0.32549 0.37255 0.30588 0.35686 0.36863 0.28627 0.22745 0.43137 0.44314 0.19216 0.49020
0.27059 0.41176 0.54118 0.36078 0.55686 0.39216 0.66275 0.35686 0.72941 0.36863 0.40000 0.43922
0.45490 0.56078 0.32549 0.79216 0.29804 0.42353 0.80784 0.38824 0.69412 0.56863 0.52549 0.92549
0.61569 0.44706 0.38039 0.57647 0.49020 0.36078 0.24314 0.30980 0.46275 0.24706 0.37647 0.27843
