0.40894 0.67252 0.45575 0.47765 0.55253 0.59600 0.35168 0.42935 0.69480 0.58858 0.41784 0.34277
0.49755 0.74831 0.80959 0.70821 0.63041 0.38421 0.82046 0.84014 0.50535 0.62708 0.66635 0.59424
0.60773 0.83223 0.71517 0.40696 0.77690 0.41526 0.65268 0.54642 0.58047 0.68880 0.50720 0.59220
0.62376 0.54295 0.69524 0.58233 0.52981 0.45598 0.59408 0.58448 0.57319 0.53210 0.38952 0.44069
0.32010 0.31767 0.25672 0.30890 0.23981 0.29288 0.38088 0.30816 0.29851 0.23841 0.26998 0.26631
0.33818 0.32803 0.30202 0.23474 0.26145 0.26334 0.30011 0.25905 0.32304 0.33691 0.33053 0.31662
0.33780 0.30511 0.28032 0.25423 0.30112 0.27660 0.27386 0.34260 0.29730 0.34986 0.29352 0.27437
0.38993 0.36178 0.30939 0.33413 0.41748 0.27940 0.35104 0.28486 0.33103 0.43678 0.38321 0.35055
0.35123 0.36031 0.35482 0.31789 0.33749 0.36997 0.33332 0.28544 0.23329 0.30949 0.37029 0.38491
0.35625 0.30723 0.33363 0.37559 0.34403 0.33528 0.32484 0.29880 0.32760 0.27485 0.27148 0.33510
0.40836 0.40590 0.39865 0.34120 0.33890 0.34660 0.39706 0.42548 0.38241 0.40660 0.33212 0.33796
0.35260 0.35129 0.37420 0.38361 0.38866 0.39868 0.39184 0.41843 0.38734 0.41771 0.37923 0.37180
