0.12549 0.15294 0.14510 0.21961 0.25882 0.23529 0.38824 0.35294 0.34510 0.32157 0.30588 0.30196
0.25882 0.27843 0.33333 0.25098 0.18824 0.32941 0.27451 0.23137 0.14510 0.23922 0.26667 0.29020
0.17255 0.16471 0.24314 0.32157 0.26275 0.23137 0.17647 0.19216 0.29804 0.19608 0.16471 0.38824
0.24314 0.37255 0.29804 0.23529 0.27059 0.28627 0.23922 0.31373 0.23137 0.26275 0.29804 0.28627
0.24314 0.23529 0.27843 0.25882 0.17647 0.18431 0.34510 0.32941 0.22745 0.20784 0.30980 0.28627
0.29020 0.23529 0.25098 0.29804 0.23137 0.25490 0.36863 0.26667 0.27059 0.25490 0.23922 0.30588
0.25098 0.28235 0.31765 0.28235 0.38039 0.29804 0.38824 0.31765 0.27451 0.34510 0.36471 0.43922
0.37647 0.34510 0.23922 0.41569 0.43922 0.27059 0.35686 0.29804 0.43529 0.52157 0.35294 0.33333
0.22353 0.42353 0.31765 0.31373 0.54510 0.45490 0.54118 0.57255 0.42745 0.50196 0.50588 0.51373
0.43529 0.37647 0.59216 0.41961 0.65098 0.62353 0.57255 0.35294 0.49804 0.74902 0.68235 0.36471
0.73333 0.71765 0.54118 0.68627 0.41569 0.70196 0.96078 1.00000 0.58431 0.74510 0.54510 0.47059
0.73333 0.50588 0.60000 0.80392 0.38431 0.42353 0.50980 0.19608 0.43529 0.38824 0.34902 0.49412
