0.37418 0.36595 0.26261 0.31068 0.27070 0.26670 0.36599 0.31721 0.30118 0.26906 0.28710 0.33347
0.34125 0.33613 0.31035 0.23957 0.26741 0.26863 0.30431 0.25676 0.32235 0.34058 0.33746 0.31917
0.34736 0.30036 0.28401 0.26173 0.30889 0.26888 0.25815 0.35686 0.30131 0.35126 0.27979 0.27669
0.38591 0.34595 0.31870 0.34750 0.41147 0.29841 0.34558 0.29559 0.32066 0.43436 0.38952 0.31120
0.33559 0.30026 0.30264 0.34404 0.32894 0.28883 0.33303 0.39795 0.27557 0.36443 0.36105 0.36844
0.35347 0.32825 0.28259 0.32608 0.33253 0.35364 0.36827 0.26686 0.40061 0.33945 0.32001 0.31692
0.37516 0.32604 0.32371 0.36764 0.41172 0.39779 0.27437 0.34750 0.34258 0.46437 0.41648 0.44077
0.40152 0.37964 0.50672 0.46550 0.40505 0.43786 0.37551 0.51181 0.51145 0.42257 0.40895 0.43034
0.39887 0.41733 0.41048 0.42806 0.38276 0.43802 0.37726 0.37743 0.39906 0.41099 0.43773 0.45450
0.52780 0.50807 0.51053 0.50591 0.53246 0.51691 0.51394 0.49848 0.51465 0.49956 0.48691 0.48398
0.61114 0.59281 0.57498 0.57713 0.60142 0.58606 0.54706 0.53426 0.48514 0.49966 0.45935 0.50486
0.42613 0.40330 0.40683 0.40468 0.39711 0.39509 0.38819 0.39560 0.37933 0.42567 0.39005 0.40271
