0.24706 0.32941 0.29020 0.33725 0.35294 0.37647 0.27843 0.32941 0.28627 0.36078 0.38431 0.32157
0.32941 0.40392 0.34118 0.35294 0.16078 0.42745 0.21961 0.38039 0.52157 0.30980 0.38431 0.32157
0.27843 0.58824 0.59216 0.47059 0.46275 0.60392 0.37647 0.38824 0.40000 0.47451 0.56078 0.91373
0.67843 0.71765 0.77255 0.60784 0.50980 0.52549 0.59608 0.51765 0.19608 0.31765 0.30196 0.51765
0.12941 0.10196 0.16863 0.24706 0.22353 0.07059 0.35686 0.28235 0.21961 0.20784 0.32157 0.26667
0.19608 0.35294 0.20784 0.26667 0.33725 0.33333 0.27451 0.24314 0.22745 0.25098 0.21569 0.39608
0.26667 0.25490 0.39608 0.33333 0.25098 0.22745 0.17255 0.27451 0.16078 0.28235 0.25490 0.36863
0.30980 0.22353 0.25490 0.16863 0.33725 0.29412 0.30980 0.33333 0.26667 0.30588 0.21569 0.21961
0.34118 0.30588 0.30588 0.34510 0.27451 0.25490 0.24314 0.32157 0.25882 0.34118 0.25882 0.20784
0.30980 0.30980 0.28627 0.31765 0.32941 0.41961 0.34902 0.25490 0.26275 0.21961 0.33725 0.25490
0.23922 0.30588 0.26275 0.32941 0.40000 0.28235 0.23137 0.29020 0.31765 0.31765 0.27059 0.36863
0.34118 0.30196 0.33333 0.38431 0.31373 0.30588 0.34902 0.42745 0.29804 0.32941 0.28627 0.38039
