0.27161 0.35327 0.31006 0.37002 0.37770 0.39719 0.28340 0.36776 0.29490 0.35030 0.34502 0.25760
0.38004 0.35584 0.29424 0.32631 0.17582 0.42123 0.22477 0.37981 0.54209 0.24967 0.32020 0.38171
0.38468 0.59128 0.53808 0.43994 0.46217 0.59443 0.39683 0.35774 0.47381 0.39229 0.53418 0.71418
0.63434 0.73191 0.75321 0.57433 0.53693 0.56090 0.61691 0.45641 0.18327 0.26867 0.32005 0.49085
0.19172 0.14947 0.18965 0.24038 0.23696 0.11281 0.36339 0.30206 0.19826 0.22008 0.23642 0.23229
0.23711 0.32711 0.20969 0.28167 0.32680 0.31253 0.26985 0.24721 0.24038 0.24218 0.23562 0.22693
0.26129 0.24241 0.42819 0.39172 0.23151 0.25005 0.18404 0.28122 0.20030 0.26251 0.22573 0.33555
0.33287 0.25697 0.34170 0.25072 0.31645 0.34521 0.33482 0.28216 0.31678 0.18363 0.20485 0.24693
0.20897 0.21263 0.20570 0.23059 0.21840 0.24005 0.22608 0.27029 0.25672 0.32098 0.21593 0.25044
0.26536 0.25032 0.27035 0.30066 0.28467 0.24337 0.24621 0.18447 0.15648 0.19342 0.20130 0.17439
0.22092 0.23480 0.26019 0.25212 0.27065 0.24638 0.26933 0.26595 0.35326 0.28169 0.29215 0.27255
0.34570 0.31762 0.34818 0.35328 0.36910 0.35781 0.30150 0.31540 0.30927 0.31436 0.28990 0.30363
