0.15294 0.19608 0.17255 0.18039 0.13333 0.23529 0.25098 0.13333 0.22353 0.23137 0.19216 0.22353
0.21176 0.21569 0.14118 0.18039 0.14510 0.14902 0.23137 0.22353 0.25490 0.18431 0.15294 0.22353
0.18431 0.25098 0.16471 0.25098 0.22745 0.23922 0.18431 0.19216 0.25882 0.21569 0.22745 0.12941
0.25490 0.22745 0.19216 0.21569 0.19608 0.22353 0.19216 0.21961 0.21569 0.22353 0.21569 0.26667
0.24314 0.18824 0.21961 0.30980 0.23529 0.24706 0.20784 0.17647 0.22353 0.21961 0.27451 0.23922
0.20000 0.25098 0.27843 0.20000 0.26275 0.21961 0.24314 0.23922 0.28235 0.16078 0.15294 0.13725
0.13725 0.18431 0.15294 0.21961 0.27451 0.38431 0.34902 0.38431 0.31373 0.26275 0.28235 0.30588
0.32157 0.26667 0.36471 0.42353 0.32549 0.22745 0.34510 0.38039 0.32941 0.40784 0.30980 0.23137
0.25882 0.37255 0.54118 0.35294 0.23922 0.30588 0.47843 0.46275 0.25882 0.21961 0.57255 0.36078
0.65882 0.43922 0.21961 0.85098 0.29412 0.21961 0.54510 0.69020 0.87059 0.59216 0.48627 0.83137
0.31765 0.56471 0.74510 0.61961 0.80000 0.63529 0.70588 0.49804 0.85098 0.87843 0.51373 0.46667
0.45490 0.56471 0.35294 0.48627 0.34118 0.34510 0.22353 0.36078 0.39216 0.50980 0.32941 0.34510
