0.26985 0.25728 0.23091 0.21716 0.27596 0.22130 0.30210 0.20244 0.21812 0.30894 0.27569 0.19433
0.22577 0.26594 0.23330 0.31101 0.26375 0.27019 0.30390 0.18633 0.21393 0.20562 0.15837 0.19537
0.24016 0.32550 0.27236 0.31599 0.24983 0.29058 0.34077 0.28839 0.23935 0.24342 0.23183 0.23719
0.34832 0.26064 0.26553 0.28626 0.27839 0.25792 0.27240 0.31926 0.26346 0.25893 0.26245 0.22810
0.26939 0.32577 0.29368 0.34085 0.36100 0.36585 0.25709 0.32444 0.24726 0.31664 0.33731 0.28539
0.36581 0.34741 0.28719 0.32016 0.17229 0.41223 0.21836 0.38856 0.55596 0.24427 0.32123 0.38730
0.38729 0.61998 0.57226 0.47429 0.46924 0.62738 0.43113 0.36319 0.45229 0.44536 0.55435 0.71050
0.66610 0.77255 0.79350 0.61784 0.49381 0.51774 0.63581 0.50058 0.28943 0.29095 0.33066 0.43667
0.13793 0.17046 0.19870 0.22497 0.19558 0.21738 0.22273 0.26387 0.17071 0.26438 0.25172 0.24259
0.26252 0.29769 0.27202 0.28560 0.29039 0.24282 0.18383 0.17146 0.15348 0.25541 0.27628 0.24512
0.24211 0.22494 0.23865 0.22886 0.25486 0.25852 0.32776 0.31491 0.37761 0.25698 0.28790 0.36601
0.34133 0.29505 0.30373 0.30173 0.32343 0.33183 0.30079 0.29759 0.31060 0.30829 0.29311 0.31000
