0.22353 0.42353 0.31765 0.31373 0.54510 0.45490 0.54118 0.57255 0.42745 0.50196 0.50588 0.51373
0.43529 0.37647 0.59216 0.41961 0.65098 0.62353 0.57255 0.35294 0.49804 0.74902 0.68235 0.36471
0.73333 0.71765 0.54118 0.68627 0.41569 0.70196 0.96078 1.00000 0.58431 0.74510 0.54510 0.47059
0.73333 0.50588 0.60000 0.80392 0.38431 0.42353 0.50980 0.19608 0.43529 0.38824 0.34902 0.49412
0.12157 0.18431 0.18824 0.17647 0.17255 0.12941 0.26275 0.22745 0.16863 0.24314 0.23922 0.23529
0.18824 0.13725 0.20000 0.20392 0.22745 0.20392 0.19216 0.23529 0.17255 0.18431 0.23529 0.12941
0.17647 0.22745 0.17647 0.16078 0.21569 0.20000 0.20784 0.20392 0.18431 0.29804 0.20000 0.24314
0.15294 0.23137 0.18824 0.20392 0.23529 0.28235 0.29412 0.17255 0.20784 0.22353 0.22353 0.21176
0.18824 0.22745 0.27451 0.18824 0.17647 0.27059 0.18431 0.17255 0.21176 0.24706 0.20000 0.20392
0.20392 0.20392 0.14902 0.20784 0.23922 0.22353 0.25490 0.33333 0.24706 0.24314 0.24314 0.26275
0.24314 0.24706 0.23137 0.20784 0.33333 0.30980 0.31373 0.30588 0.28235 0.35294 0.20784 0.40392
0.39216 0.41176 0.35686 0.31373 0.32941 0.38431 0.36078 0.35294 0.35294 0.36863 0.32549 0.45882
