0.24905 0.22396 0.21046 0.23801 0.22186 0.16853 0.23454 0.36766 0.23660 0.24638 0.17433 0.17987
0.21366 0.26491 0.20852 0.23500 0.24533 0.26334 0.28886 0.19173 0.36642 0.25954 0.19922 0.23313
0.33419 0.25067 0.20550 0.31810 0.36547 0.34637 0.19820 0.26708 0.27671 0.40200 0.30761 0.27830
0.37634 0.30056 0.43537 0.34613 0.27505 0.36457 0.28621 0.42639 0.42210 0.35938 0.27232 0.33108
0.39422 0.23823 0.42499 0.40211 0.47129 0.44975 0.41687 0.47969 0.48797 0.55205 0.39996 0.46613
0.59647 0.63543 0.45274 0.42102 0.64463 0.64791 0.43449 0.37410 0.35967 0.44105 0.55425 0.48266
0.70588 0.74873 0.74164 0.71278 0.78421 0.87573 0.76205 0.79870 0.81255 0.53864 0.62433 0.58477
0.40888 0.57775 0.62398 0.32779 0.55200 0.44202 0.33105 0.56947 0.60272 0.29462 0.26392 0.36498
0.18455 0.17198 0.21121 0.21872 0.21990 0.20569 0.18534 0.21010 0.18747 0.21494 0.15384 0.19686
0.21110 0.23231 0.20599 0.19523 0.20776 0.24113 0.23401 0.18911 0.18482 0.25843 0.24732 0.17588
0.20681 0.21307 0.20286 0.21848 0.20951 0.22074 0.21737 0.24415 0.20774 0.24314 0.26288 0.26746
0.27314 0.24439 0.23854 0.23966 0.22803 0.22766 0.21735 0.27477 0.32620 0.31183 0.31148 0.29454
