0.33333 0.36471 0.38824 0.42353 0.46667 0.27451 0.31373 0.29804 0.33333 0.45882 0.45490 0.40392
0.36863 0.37647 0.44314 0.43137 0.27843 0.39216 0.42745 0.39608 0.38039 0.38039 0.37647 0.41176
0.37647 0.43529 0.34902 0.34510 0.30196 0.47451 0.34902 0.34118 0.45098 0.55294 0.49412 0.34510
0.56863 0.47451 0.60784 0.44706 0.50196 0.47059 0.45490 0.48627 0.45882 0.41176 0.49020 0.49412
0.41176 0.42745 0.39608 0.32941 0.49412 0.40000 0.47059 0.66667 0.55686 0.41569 0.61569 0.47059
0.54510 0.50588 0.57647 0.43529 0.39608 0.51765 0.62745 0.69020 0.56078 0.64314 0.89020 0.78824
0.61569 0.71373 0.63529 0.77647 0.81961 0.48627 0.59608 0.65490 0.68235 0.78824 0.70588 0.74118
0.84314 0.83922 0.37647 0.80392 0.73725 0.67059 0.62745 0.50588 0.50980 0.74902 0.70588 0.57255
0.29804 0.47843 0.43137 0.38431 0.18431 0.32549 0.41176 0.40392 0.32549 0.37255 0.36863 0.41569
0.25098 0.44314 0.39216 0.43922 0.38039 0.35294 0.33725 0.30980 0.47843 0.43922 0.45882 0.36078
0.35294 0.30196 0.45098 0.48627 0.46667 0.41961 0.42745 0.36471 0.32549 0.40392 0.36863 0.48235
0.48627 0.44314 0.38431 0.49804 0.40392 0.43922 0.42353 0.48235 0.43922 0.42745 0.50196 0.36078
