0.39813 0.53043 0.36554 0.35557 0.45636 0.65167 0.45581 0.43712 0.39825 0.35781 0.38616 0.47329
0.60918 0.34991 0.52906 0.82580 0.61088 0.33403 0.63998 0.20202 0.56227 0.76452 0.65607 0.66467
0.60967 0.71597 0.62259 0.77847 0.84423 0.59433 0.31611 0.85254 0.61851 0.75121 0.55883 0.52347
0.48283 0.34288 0.35682 0.26723 0.47699 0.32581 0.51800 0.33239 0.24818 0.30544 0.26681 0.25385
0.19993 0.21668 0.25154 0.28587 0.29715 0.27341 0.26554 0.26428 0.29183 0.20784 0.21740 0.21696
0.26897 0.29356 0.22569 0.29703 0.24306 0.26289 0.26468 0.28290 0.28187 0.22774 0.20660 0.21127
0.24367 0.23097 0.21472 0.24332 0.27894 0.21889 0.20289 0.19379 0.22221 0.24829 0.21562 0.23534
0.27897 0.25370 0.29258 0.30375 0.26466 0.28096 0.28086 0.26998 0.23923 0.24245 0.23242 0.24112
0.21049 0.23181 0.26739 0.26062 0.22357 0.26090 0.25191 0.26463 0.22042 0.24394 0.25982 0.25479
0.26239 0.27860 0.24962 0.26855 0.28947 0.25389 0.26237 0.23095 0.21361 0.20005 0.22620 0.19699
0.20428 0.22740 0.23951 0.24760 0.27234 0.29435 0.27628 0.31201 0.32257 0.28259 0.31120 0.27869
0.31368 0.31439 0.32412 0.32991 0.34533 0.34586 0.30594 0.32061 0.33272 0.32225 0.29140 0.30298
