0.30196 0.25098 0.36471 0.42353 0.42353 0.40784 0.43529 0.45490 0.31373 0.64706 0.61176 0.40000
0.53333 0.45098 0.59216 0.63529 0.31765 0.58431 0.26275 0.44706 0.43137 0.62745 0.29412 0.81961
0.79216 0.66275 0.46667 0.93333 0.53725 0.53725 0.71765 0.56471 0.57255 0.68235 0.70196 0.69804
0.30980 0.56078 0.48235 0.35294 0.23529 0.47059 0.08627 0.47059 0.32941 0.25882 0.32549 0.37255
0.12549 0.16471 0.16078 0.20392 0.32157 0.21569 0.24314 0.24706 0.19608 0.25882 0.24314 0.17647
0.16863 0.21569 0.17255 0.17647 0.14118 0.21569 0.13333 0.21961 0.18431 0.22745 0.21961 0.28627
0.21569 0.20784 0.21569 0.21961 0.26275 0.23529 0.21176 0.24314 0.20784 0.22353 0.23137 0.25490
0.18039 0.18431 0.26275 0.21569 0.30980 0.32941 0.28235 0.19608 0.22745 0.21176 0.23137 0.21569
0.20392 0.19608 0.23137 0.24706 0.25098 0.25882 0.23529 0.25490 0.25098 0.27843 0.24314 0.22353
0.19216 0.19216 0.21961 0.21961 0.22745 0.20784 0.22353 0.13333 0.21569 0.21569 0.18431 0.10588
0.19216 0.26667 0.22353 0.12941 0.16078 0.22745 0.26667 0.27059 0.25490 0.31765 0.38039 0.29020
0.28235 0.29804 0.28235 0.33725 0.31765 0.36078 0.38824 0.31373 0.30588 0.33333 0.58039 0.37647
