0.28310 0.28762 0.27946 0.32848 0.31767 0.31511 0.25430 0.29198 0.34242 0.29131 0.21825 0.21339
0.30178 0.26695 0.29000 0.28369 0.30385 0.29925 0.30661 0.26686 0.20844 0.15726 0.20187 0.17046
0.18926 0.17290 0.16196 0.26269 0.22110 0.34999 0.32212 0.34506 0.26569 0.28404 0.26061 0.26322
0.34964 0.30520 0.39234 0.35480 0.34596 0.30006 0.40093 0.33983 0.32087 0.29284 0.33227 0.37686
0.39113 0.52676 0.37599 0.35582 0.44248 0.65582 0.44448 0.44510 0.40626 0.39964 0.41034 0.54825
0.59582 0.34634 0.52536 0.82518 0.60568 0.32611 0.63841 0.20762 0.56359 0.76693 0.66376 0.66679
0.64455 0.73815 0.64828 0.78768 0.85966 0.60161 0.32623 0.86615 0.64092 0.73428 0.56722 0.54339
0.50053 0.37110 0.35305 0.32457 0.44499 0.34308 0.52234 0.31808 0.25806 0.31685 0.27420 0.28529
0.18933 0.21138 0.24579 0.21780 0.15262 0.22262 0.23979 0.24898 0.21108 0.18922 0.25401 0.24730
0.21933 0.27243 0.23901 0.27355 0.27525 0.21749 0.22299 0.22993 0.19587 0.19503 0.22149 0.22000
0.22151 0.20994 0.22582 0.22278 0.23143 0.24134 0.24346 0.27123 0.25217 0.24205 0.25578 0.31306
0.28394 0.24857 0.25718 0.25914 0.26213 0.25826 0.23950 0.27580 0.32073 0.31053 0.28148 0.29915
