0.20784 0.20784 0.14902 0.21176 0.09020 0.07451 0.26275 0.16471 0.17647 0.09412 0.10196 0.16078
0.06667 0.17255 0.14902 0.10196 0.05882 0.13725 0.10588 0.06275 0.15294 0.16471 0.14118 0.16078
0.11765 0.11373 0.21176 0.11373 0.10980 0.07843 0.09412 0.22353 0.08627 0.12549 0.09020 0.07451
0.20000 0.27059 0.18431 0.19608 0.34902 0.20000 0.19608 0.12941 0.15686 0.37647 0.23529 0.12941
0.18039 0.21961 0.18039 0.24314 0.22745 0.15686 0.16078 0.34902 0.25098 0.31373 0.26275 0.29020
0.14902 0.30980 0.24314 0.24314 0.25098 0.25098 0.30588 0.22353 0.37255 0.31373 0.24314 0.23529
0.31373 0.29412 0.21961 0.32157 0.40000 0.35686 0.16863 0.29020 0.27843 0.44706 0.37647 0.44314
0.39216 0.33333 0.45490 0.36863 0.30196 0.38824 0.30196 0.47451 0.43922 0.40000 0.35686 0.37647
0.43137 0.27843 0.43529 0.41961 0.49020 0.47451 0.45098 0.43922 0.52157 0.59608 0.39608 0.58824
0.67843 0.60000 0.48627 0.43922 0.58824 0.67451 0.40000 0.39608 0.39608 0.49020 0.62745 0.44314
0.87451 0.72157 0.69020 0.66275 0.75686 0.87843 0.79608 0.89412 1.00000 0.58824 0.69020 0.69804
0.41961 0.60784 0.63922 0.40784 0.64314 0.55294 0.41569 0.60392 0.81176 0.37255 0.54510 0.49804
