0.30687 0.51798 0.41576 0.36663 0.25667 0.28409 0.41861 0.39644 0.30388 0.35001 0.38708 0.40835
0.35812 0.39833 0.31763 0.36165 0.34361 0.32991 0.34403 0.29716 0.40158 0.39771 0.45383 0.36987
0.32344 0.32011 0.36790 0.44358 0.42166 0.34101 0.38526 0.39732 0.27669 0.38452 0.34294 0.44708
0.37050 0.42352 0.34458 0.44853 0.35320 0.35029 0.41904 0.40981 0.37315 0.43341 0.44315 0.38867
0.34244 0.38297 0.47760 0.43795 0.43514 0.44514 0.40563 0.31609 0.39809 0.40722 0.33003 0.36906
0.39304 0.50717 0.44445 0.37249 0.36508 0.43297 0.34349 0.34568 0.38903 0.34470 0.45748 0.40311
0.38927 0.42635 0.45579 0.39200 0.48041 0.41886 0.40235 0.49234 0.37691 0.56585 0.60254 0.49352
0.40577 0.34462 0.38435 0.55317 0.45634 0.49434 0.47316 0.44640 0.44359 0.50983 0.46925 0.48102
0.43433 0.45257 0.45113 0.40028 0.41263 0.46239 0.43963 0.43440 0.47304 0.47790 0.34652 0.46640
0.52093 0.47226 0.47287 0.49562 0.48575 0.46294 0.51073 0.48706 0.55363 0.59087 0.48186 0.41802
0.60715 0.62594 0.58974 0.60974 0.64445 0.67258 0.64081 0.52826 0.45118 0.42322 0.38630 0.38878
0.60445 0.57368 0.57991 0.57892 0.57041 0.55776 0.46212 0.43070 0.39659 0.36557 0.37254 0.38842
