0.20000 0.25098 0.27059 0.29804 0.21961 0.14902 0.31765 0.28627 0.24314 0.23922 0.15686 0.19608
0.26275 0.21961 0.32157 0.29804 0.28627 0.28235 0.29804 0.24314 0.31373 0.25098 0.28627 0.23529
0.23529 0.25882 0.23137 0.27059 0.27451 0.27843 0.35294 0.37255 0.25098 0.34510 0.21176 0.29804
0.33725 0.36078 0.37255 0.33333 0.36078 0.32941 0.37647 0.40392 0.31765 0.25098 0.29020 0.33725
0.36078 0.32941 0.31765 0.33333 0.33725 0.31373 0.32549 0.35686 0.40784 0.34118 0.38431 0.42353
0.31373 0.35294 0.46275 0.41961 0.34118 0.29020 0.48627 0.39608 0.38039 0.60392 0.72549 0.57255
0.55294 0.40784 0.48627 0.68235 0.27059 0.59216 0.51373 0.69412 0.69804 0.26667 0.34510 0.38039
0.32941 0.63529 0.41176 0.72941 0.67059 0.35294 0.35686 0.32941 0.49804 0.60392 0.74510 0.69804
0.19608 0.04314 0.25490 0.30588 0.30588 0.23137 0.27059 0.25882 0.39216 0.25882 0.26275 0.19608
0.30588 0.25490 0.31373 0.27843 0.25882 0.25882 0.22353 0.32157 0.24314 0.31765 0.26667 0.24706
0.23529 0.19216 0.23137 0.18431 0.25098 0.16078 0.22353 0.35294 0.28235 0.32157 0.21961 0.21569
0.26275 0.16471 0.34118 0.26275 0.26275 0.25490 0.18824 0.27843 0.39216 0.21569 0.37255 0.24314
