0.34011 0.40866 0.44875 0.43055 0.44623 0.43000 0.38789 0.37552 0.40522 0.39201 0.33374 0.42401
0.39995 0.51320 0.45466 0.37979 0.36964 0.44472 0.35192 0.34410 0.39074 0.34303 0.46285 0.40466
0.40136 0.43228 0.44613 0.37652 0.47631 0.42348 0.40278 0.49179 0.36797 0.56605 0.60277 0.49360
0.43672 0.40384 0.39213 0.54164 0.45275 0.48965 0.46962 0.42885 0.43100 0.53703 0.47556 0.52071
0.41311 0.40806 0.48941 0.52292 0.40749 0.52338 0.42071 0.72097 0.41934 0.51577 0.57606 0.55858
0.61369 0.60032 0.76444 0.54823 0.80632 0.84053 0.78079 0.58759 0.46883 0.51929 0.54150 0.51395
0.65400 0.56347 0.54524 0.52457 0.53189 0.50621 0.49397 0.59621 0.50058 0.58608 0.54762 0.51453
0.57450 0.55710 0.44287 0.48954 0.51030 0.49732 0.45088 0.45091 0.40208 0.40091 0.42778 0.43207
0.30180 0.34436 0.32391 0.30295 0.27601 0.27962 0.32880 0.30338 0.30382 0.33945 0.29170 0.33759
0.32927 0.32723 0.31536 0.32877 0.30637 0.30825 0.30291 0.26864 0.34558 0.31526 0.24557 0.27599
0.33000 0.34251 0.35473 0.36029 0.34331 0.35276 0.37969 0.42311 0.36042 0.38780 0.33932 0.27022
0.36010 0.34815 0.34392 0.33531 0.33768 0.34256 0.35052 0.38139 0.34301 0.34644 0.36899 0.35723
