0.09804 0.23922 0.36078 0.18824 0.26275 0.21176 0.23137 0.20000 0.22353 0.18824 0.27059 0.26275
0.20392 0.26667 0.28627 0.34118 0.16863 0.31373 0.31765 0.27843 0.25490 0.27451 0.27451 0.22745
0.20392 0.25098 0.30588 0.20392 0.30980 0.23529 0.21176 0.23529 0.31765 0.35686 0.29804 0.35686
0.36078 0.37255 0.23922 0.39608 0.27451 0.36863 0.24706 0.25882 0.29804 0.33333 0.22745 0.25490
0.33725 0.24314 0.27843 0.28627 0.29804 0.25098 0.32941 0.20784 0.24706 0.22353 0.18824 0.27451
0.33333 0.20000 0.36078 0.29804 0.32549 0.20784 0.23529 0.22745 0.28235 0.16471 0.25490 0.25882
0.24314 0.27059 0.32157 0.32941 0.27451 0.36471 0.35294 0.24706 0.31373 0.30196 0.29804 0.38431
0.40392 0.30588 0.37255 0.29804 0.34118 0.30980 0.37255 0.44706 0.44314 0.32549 0.40784 0.54118
0.39608 0.39216 0.43137 0.37647 0.44314 0.32157 0.26667 0.26275 0.45882 0.59608 0.50588 0.54510
0.75294 0.47451 0.65490 0.48627 0.30588 0.70980 0.93333 0.52549 0.62745 0.79608 0.78431 0.64314
0.89412 0.66667 0.69020 0.69020 0.56078 0.63922 0.52157 0.55294 0.34118 0.52549 0.76863 0.68235
0.56078 0.36471 0.41569 0.54510 0.37647 0.54902 0.34118 0.50980 0.41569 0.38431 0.30588 0.25490
