0.47864 0.39960 0.48274 0.37825 0.43693 0.43149 0.41286 0.32656 0.53825 0.50494 0.39160 0.52780
0.55070 0.45885 0.60605 0.39617 0.61111 0.44624 0.69360 0.39090 0.79160 0.48157 0.53685 0.54309
0.53603 0.62004 0.37185 0.77323 0.37618 0.50491 0.79074 0.44616 0.78288 0.66653 0.66364 0.83151
0.57575 0.52436 0.42655 0.60158 0.55113 0.47377 0.34926 0.38735 0.57840 0.41761 0.52709 0.42991
0.32988 0.26441 0.24864 0.25473 0.21600 0.31587 0.30905 0.33298 0.37824 0.30992 0.30455 0.31101
0.33734 0.37033 0.40670 0.28723 0.28604 0.27789 0.33093 0.34929 0.42676 0.34129 0.31102 0.25024
0.32479 0.30495 0.31986 0.40091 0.36057 0.40314 0.43475 0.37347 0.29891 0.44723 0.39094 0.36734
0.36413 0.35631 0.35334 0.40854 0.34647 0.38110 0.32275 0.31326 0.38167 0.31006 0.36679 0.27795
0.27047 0.29391 0.28244 0.31905 0.30753 0.34877 0.36314 0.40786 0.31611 0.39411 0.43497 0.35919
0.31334 0.28571 0.34487 0.35734 0.34221 0.33480 0.34874 0.39738 0.35400 0.38621 0.40589 0.37100
0.35397 0.37720 0.39054 0.44342 0.43951 0.44804 0.44371 0.45518 0.46622 0.44611 0.46428 0.48501
0.39919 0.40413 0.42150 0.44440 0.45309 0.42965 0.41010 0.41242 0.38953 0.43155 0.43063 0.42169
