0.18431 0.21961 0.20392 0.28235 0.25098 0.23922 0.22353 0.28627 0.24706 0.20392 0.16078 0.26275
0.28627 0.27451 0.28235 0.30588 0.29412 0.27451 0.23922 0.20000 0.28627 0.17647 0.18039 0.14118
0.16078 0.09020 0.18431 0.19608 0.23922 0.30588 0.24314 0.29412 0.30196 0.31373 0.33725 0.30196
0.35294 0.32549 0.38431 0.31373 0.25098 0.29412 0.37255 0.31765 0.36863 0.30980 0.38824 0.38431
0.32941 0.32549 0.34118 0.48235 0.31373 0.30980 0.35686 0.32941 0.32157 0.32549 0.11373 0.33725
0.43922 0.31765 0.39216 0.23529 0.46667 0.20000 0.46667 0.57647 0.39608 0.41961 0.49412 0.66667
0.52941 0.57647 0.47843 0.47451 0.34902 0.16863 0.35686 0.14902 0.30196 0.32549 0.63529 0.43529
0.38824 0.50588 0.48627 0.48235 0.55686 0.35686 0.34118 0.29412 0.54902 0.25882 0.49412 0.30196
0.27843 0.11373 0.15294 0.27843 0.19216 0.26667 0.23922 0.14510 0.18431 0.20784 0.16863 0.10980
0.21961 0.22353 0.21961 0.24706 0.19608 0.23529 0.25490 0.32941 0.32941 0.25098 0.25490 0.30196
0.28235 0.25098 0.28235 0.24314 0.20000 0.22745 0.23922 0.24314 0.24314 0.26667 0.36863 0.30980
0.27843 0.29020 0.27843 0.25098 0.31765 0.30980 0.23922 0.24314 0.31373 0.27843 0.27059 0.23922
