0.36935 0.33606 0.40175 0.30655 0.35563 0.37088 0.31467 0.27008 0.42403 0.51341 0.26778 0.37359
0.41210 0.41758 0.54252 0.35853 0.57632 0.40038 0.67645 0.32584 0.75001 0.43016 0.38889 0.39371
0.44198 0.54751 0.29620 0.76492 0.30635 0.42561 0.78302 0.34543 0.75269 0.60633 0.48085 0.55298
0.53415 0.43191 0.37321 0.58530 0.50510 0.35839 0.24036 0.27010 0.48227 0.26469 0.34678 0.32981
0.21378 0.16259 0.15669 0.18195 0.11758 0.22484 0.23623 0.24349 0.25173 0.23029 0.16542 0.24511
0.23828 0.31421 0.31823 0.16688 0.20694 0.18242 0.23633 0.28298 0.23609 0.23797 0.26063 0.17200
0.22938 0.19967 0.21007 0.29188 0.29504 0.30897 0.30699 0.28612 0.19379 0.32176 0.25314 0.28722
0.28044 0.33536 0.30201 0.34195 0.34216 0.25027 0.29460 0.29273 0.27326 0.28201 0.22019 0.16101
0.21777 0.22313 0.22690 0.24488 0.21332 0.25217 0.26278 0.29644 0.17739 0.27097 0.20737 0.25857
0.23764 0.33460 0.31721 0.31805 0.24224 0.27483 0.23966 0.28681 0.23326 0.22491 0.22309 0.23365
0.22969 0.31326 0.29852 0.31669 0.33976 0.31324 0.34594 0.34614 0.31860 0.28164 0.32876 0.39862
0.35667 0.34747 0.34925 0.39030 0.39284 0.39237 0.33295 0.33224 0.30362 0.28444 0.31327 0.34770
