0.32941 0.32157 0.34510 0.35294 0.36078 0.34510 0.35686 0.34510 0.35686 0.29412 0.35294 0.31373
0.44314 0.38824 0.41176 0.36471 0.38431 0.35686 0.41176 0.42353 0.36078 0.33725 0.40000 0.34118
0.39216 0.40784 0.40784 0.37255 0.35686 0.44314 0.47059 0.45098 0.43922 0.44314 0.34118 0.33333
0.44706 0.39608 0.52941 0.41176 0.44706 0.42353 0.39216 0.36471 0.47451 0.51373 0.41176 0.52941
0.45098 0.49020 0.35686 0.47843 0.39216 0.46667 0.53725 0.52549 0.48627 0.38824 0.47451 0.34902
0.47843 0.47059 0.30588 0.40784 0.31373 0.57255 0.41961 0.46275 0.47843 0.69412 0.49020 0.53333
0.50980 0.57647 0.55294 0.56863 0.79608 0.42353 0.65490 0.56863 0.59216 0.47451 0.54902 0.58039
0.57255 0.67843 0.47451 0.69020 0.49020 0.74510 0.56471 0.67059 0.59608 0.48235 0.64314 0.43529
0.24314 0.26667 0.25882 0.32549 0.36078 0.33725 0.47059 0.44314 0.43529 0.41176 0.40000 0.39608
0.36078 0.37647 0.42353 0.35294 0.30196 0.41961 0.37647 0.33333 0.26275 0.34510 0.36863 0.38431
0.28627 0.27843 0.34902 0.41569 0.36471 0.33725 0.29020 0.30196 0.39216 0.30588 0.27843 0.47059
0.34510 0.45882 0.39608 0.33725 0.36863 0.38431 0.34510 0.40784 0.33333 0.36471 0.39216 0.38431
