0.38483 0.38597 0.39083 0.42847 0.40152 0.36507 0.40068 0.38372 0.35729 0.34434 0.43030 0.33808
0.35684 0.43691 0.43684 0.39605 0.39495 0.38117 0.44810 0.40437 0.39401 0.44106 0.48050 0.32606
0.40581 0.40214 0.40281 0.37972 0.32951 0.43965 0.48059 0.40750 0.42399 0.52402 0.44872 0.37263
0.46784 0.36829 0.54814 0.39990 0.43540 0.41504 0.37122 0.31282 0.41820 0.57136 0.40589 0.48357
0.45867 0.52238 0.35129 0.48603 0.41955 0.42982 0.54313 0.48827 0.38970 0.47358 0.61823 0.34643
0.48611 0.44903 0.28499 0.38438 0.30865 0.57991 0.42308 0.42773 0.49768 0.74924 0.59335 0.57640
0.50069 0.59752 0.55342 0.57142 0.78333 0.42177 0.66386 0.51325 0.59058 0.47052 0.63241 0.58304
0.64883 0.67359 0.41887 0.62241 0.49025 0.71010 0.52609 0.64842 0.60668 0.50734 0.65647 0.54829
0.47445 0.28454 0.34478 0.31407 0.25004 0.27984 0.29306 0.31384 0.28579 0.37365 0.34457 0.39759
0.43147 0.46162 0.44990 0.43245 0.37582 0.35574 0.31538 0.36151 0.33331 0.38498 0.37718 0.41421
0.52895 0.53247 0.49039 0.47310 0.42166 0.39175 0.39010 0.39177 0.40227 0.36163 0.40305 0.43812
0.49358 0.44651 0.43582 0.40940 0.39552 0.38833 0.37828 0.39396 0.37536 0.41840 0.40113 0.39606
