0.21176 0.16863 0.21569 0.20392 0.22745 0.23137 0.21961 0.24706 0.18824 0.23922 0.26667 0.27451
0.22745 0.24314 0.23137 0.24706 0.25882 0.21176 0.24706 0.19608 0.24314 0.17647 0.13333 0.15294
0.15294 0.08235 0.18431 0.20000 0.22745 0.20392 0.27843 0.35294 0.29020 0.22745 0.31373 0.30196
0.27451 0.33333 0.27059 0.32157 0.32549 0.36863 0.39216 0.38824 0.35294 0.35294 0.32941 0.34510
0.30196 0.30980 0.32157 0.40000 0.41569 0.32549 0.40392 0.41569 0.38824 0.34902 0.34902 0.54118
0.33333 0.43137 0.42745 0.30588 0.35686 0.40784 0.31765 0.23137 0.16863 0.38039 0.36471 0.36078
0.27843 0.20000 0.47451 0.61569 0.32549 0.32157 0.47059 0.37647 0.28235 0.54118 0.53333 0.35294
0.32941 0.26667 0.32941 0.61569 0.76863 0.48235 0.56471 0.26667 0.35294 0.33333 0.26667 0.35686
0.01176 0.14510 0.00392 0.22745 0.16078 0.16863 0.18039 0.14510 0.22745 0.25882 0.22353 0.23529
0.27059 0.21176 0.27843 0.19216 0.27059 0.25098 0.25490 0.25098 0.25098 0.20000 0.18824 0.22353
0.24314 0.23137 0.21569 0.24706 0.21569 0.24314 0.19608 0.24314 0.24314 0.17647 0.27451 0.34510
0.30196 0.31373 0.32549 0.25882 0.21961 0.25882 0.22745 0.22353 0.23529 0.23137 0.17647 0.20000
