0.39076 0.46434 0.39625 0.33785 0.31418 0.50581 0.46034 0.41894 0.37079 0.58067 0.56966 0.36474
0.53659 0.62351 0.52698 0.38122 0.47149 0.61940 0.69894 0.37666 0.74055 0.65554 0.74502 0.58892
0.58659 0.71173 0.66251 0.42482 0.74517 0.64876 0.62011 0.50292 0.89184 0.57334 0.35252 0.55689
0.43122 0.44930 0.55280 0.47449 0.38816 0.43572 0.41202 0.27119 0.22534 0.30023 0.29488 0.40065
0.25896 0.19467 0.19147 0.17846 0.19511 0.20184 0.26520 0.31873 0.23995 0.24985 0.27843 0.37395
0.22969 0.24781 0.28441 0.21200 0.22207 0.28626 0.20706 0.22898 0.25082 0.19752 0.26197 0.37829
0.24268 0.22976 0.25549 0.21674 0.23840 0.24803 0.22526 0.23832 0.21001 0.31481 0.23237 0.34239
0.29852 0.25756 0.32948 0.25280 0.34608 0.28632 0.23054 0.28549 0.25217 0.21129 0.21372 0.20871
0.23447 0.28000 0.27080 0.29533 0.24236 0.25826 0.29372 0.24647 0.16034 0.33671 0.22928 0.25491
0.28257 0.27726 0.24823 0.28431 0.21758 0.25619 0.25335 0.28404 0.25603 0.19241 0.21424 0.21025
0.23480 0.29808 0.30334 0.29501 0.31742 0.29681 0.28028 0.34420 0.35020 0.28777 0.31419 0.35369
0.32084 0.33004 0.33674 0.32819 0.31634 0.31009 0.29209 0.32578 0.29651 0.28271 0.28934 0.34314
