0.34199 0.31432 0.25740 0.34808 0.39607 0.36974 0.47556 0.42797 0.49255 0.39775 0.44234 0.37440
0.37916 0.35237 0.40604 0.33775 0.28050 0.39296 0.36286 0.32880 0.29966 0.39993 0.36752 0.40514
0.35722 0.30897 0.31080 0.41746 0.37092 0.32178 0.30883 0.32355 0.38661 0.33609 0.30797 0.39296
0.39614 0.48466 0.36047 0.34605 0.35036 0.41428 0.35702 0.39164 0.34583 0.34115 0.45412 0.34021
0.35093 0.33049 0.38368 0.35536 0.32882 0.32861 0.45553 0.38640 0.31210 0.37274 0.34466 0.39204
0.36863 0.37905 0.40130 0.40250 0.36105 0.39540 0.47061 0.37133 0.34343 0.41243 0.41698 0.41207
0.36003 0.37464 0.42085 0.36981 0.49441 0.41716 0.45767 0.41140 0.37133 0.49371 0.50500 0.57857
0.43322 0.41292 0.34694 0.44961 0.49706 0.34452 0.42088 0.32981 0.43166 0.60970 0.51574 0.40774
0.48511 0.45003 0.44098 0.43672 0.38848 0.44775 0.41589 0.42341 0.45750 0.46892 0.43906 0.47355
0.48869 0.48147 0.49687 0.48389 0.50465 0.52069 0.53712 0.47704 0.49714 0.67597 0.59927 0.61648
0.57370 0.62596 0.62728 0.64450 0.65950 0.65858 0.64906 0.60028 0.61484 0.64586 0.62047 0.64270
0.54261 0.50319 0.51152 0.52203 0.53791 0.54562 0.50187 0.49191 0.45336 0.43346 0.40989 0.44732
