0.35294 0.39608 0.45098 0.41961 0.59216 0.58824 0.47059 0.23922 0.49804 0.39216 0.55294 0.48627
0.51373 0.34118 0.75686 0.82353 0.47059 0.47843 0.30980 0.56863 0.51765 0.50196 0.62745 0.61961
0.67843 0.72157 0.67843 0.61176 0.87843 0.41961 0.58039 0.57647 0.60784 0.60000 0.61961 0.69804
0.72157 0.53333 0.62745 0.35686 0.37255 0.21569 0.25882 0.41176 0.32157 0.40392 0.41961 0.43529
0.23137 0.20784 0.20392 0.23137 0.20784 0.24314 0.27059 0.24706 0.21176 0.20000 0.29804 0.27059
0.20784 0.23922 0.25882 0.20000 0.21961 0.21961 0.14902 0.17255 0.21961 0.18824 0.21569 0.25882
0.20392 0.19216 0.19216 0.30980 0.21176 0.14902 0.18039 0.15686 0.20392 0.26667 0.27059 0.18824
0.19216 0.23137 0.23137 0.25098 0.21961 0.24314 0.18039 0.25098 0.21569 0.24314 0.25490 0.21569
0.20000 0.17647 0.22745 0.25490 0.23529 0.21961 0.24314 0.19608 0.26667 0.26275 0.29020 0.26275
0.23529 0.29804 0.25882 0.30980 0.30196 0.28235 0.18039 0.27843 0.22353 0.21176 0.11373 0.18824
0.19608 0.20392 0.23529 0.21961 0.25882 0.28627 0.32549 0.29020 0.26275 0.32549 0.35294 0.28627
0.36863 0.34510 0.32157 0.29412 0.36863 0.41961 0.40392 0.38431 0.36471 0.37647 0.39216 0.32549
