0.18678 0.19919 0.20391 0.21135 0.20517 0.19621 0.24332 0.21455 0.20085 0.23737 0.26465 0.33319
0.22275 0.19323 0.25374 0.21527 0.25379 0.24859 0.21278 0.26904 0.21936 0.24957 0.25115 0.26836
0.24525 0.22165 0.18268 0.19471 0.20065 0.21495 0.25848 0.19410 0.20601 0.32769 0.19926 0.28023
0.24488 0.21620 0.21003 0.21889 0.21818 0.26810 0.28136 0.18576 0.22419 0.24865 0.20167 0.23568
0.21636 0.24801 0.30273 0.23807 0.23105 0.28077 0.23207 0.20538 0.24285 0.29704 0.20377 0.22744
0.24461 0.23971 0.19674 0.22666 0.24289 0.24566 0.27324 0.33212 0.25251 0.28775 0.24449 0.20666
0.27149 0.28114 0.23592 0.25719 0.34736 0.30868 0.32495 0.31168 0.29793 0.41716 0.23095 0.27190
0.35004 0.41213 0.37402 0.30100 0.33918 0.36781 0.38051 0.32628 0.40000 0.52653 0.28598 0.30637
0.40819 0.42003 0.42214 0.44789 0.43981 0.42302 0.48592 0.53405 0.50101 0.44386 0.47322 0.36596
0.54523 0.61323 0.57462 0.58647 0.50518 0.54034 0.58003 0.51640 0.55416 0.59442 0.43497 0.37748
0.61315 0.64607 0.66797 0.63517 0.62889 0.66833 0.65926 0.68489 0.61906 0.62036 0.52003 0.42607
0.46667 0.43512 0.44492 0.44141 0.41912 0.41999 0.34868 0.35138 0.33525 0.33426 0.31338 0.33587
