0.32941 0.50196 0.40784 0.40784 0.60784 0.52941 0.60392 0.63137 0.50588 0.56863 0.57255 0.58039
0.50980 0.46275 0.64706 0.49804 0.69804 0.67451 0.63137 0.43922 0.56471 0.78039 0.72549 0.45098
0.76863 0.75686 0.60392 0.72941 0.49412 0.74118 0.96471 1.00000 0.63922 0.78039 0.60784 0.54510
0.76863 0.57647 0.65490 0.83137 0.46667 0.50196 0.57647 0.30588 0.51373 0.47059 0.43922 0.56471
0.24314 0.29412 0.29804 0.29020 0.28627 0.24706 0.36078 0.33333 0.28235 0.34510 0.34510 0.33725
0.29804 0.25490 0.30980 0.31373 0.33333 0.30980 0.30196 0.34118 0.28627 0.29804 0.33725 0.24706
0.29020 0.33333 0.29020 0.27451 0.32157 0.30980 0.31765 0.30980 0.29412 0.39216 0.30980 0.34510
0.27059 0.33333 0.29804 0.30980 0.34118 0.38039 0.38824 0.28235 0.31373 0.32941 0.32941 0.31765
0.29804 0.33333 0.37255 0.29804 0.29020 0.36863 0.29412 0.28627 0.31765 0.34902 0.30980 0.31373
0.31373 0.31373 0.26275 0.31373 0.34118 0.32941 0.35686 0.42353 0.34902 0.34510 0.34510 0.36471
0.34902 0.34902 0.33725 0.31765 0.42353 0.40392 0.40784 0.40000 0.38039 0.43922 0.31373 0.48235
0.47451 0.49412 0.44314 0.40784 0.41961 0.47059 0.44706 0.44314 0.44314 0.45490 0.41961 0.53333
