0.38409 0.37396 0.34869 0.26721 0.43314 0.32093 0.34985 0.61123 0.41772 0.32602 0.54618 0.41970
0.51673 0.39580 0.52980 0.30677 0.26011 0.40789 0.57793 0.67350 0.43860 0.53684 0.72115 0.71929
0.59273 0.68559 0.55494 0.71832 0.78341 0.39069 0.49593 0.55841 0.60370 0.69273 0.64517 0.63995
0.70218 0.78413 0.25150 0.77251 0.67720 0.64949 0.57597 0.41629 0.40966 0.61917 0.47543 0.37420
0.22901 0.40489 0.33815 0.26216 0.11869 0.21284 0.37073 0.28445 0.25166 0.25285 0.24344 0.26166
0.21827 0.31203 0.30025 0.36894 0.30732 0.27071 0.25984 0.24670 0.39665 0.31950 0.33030 0.26350
0.29192 0.25144 0.33276 0.37017 0.31665 0.32363 0.32011 0.27553 0.26201 0.26732 0.30092 0.30173
0.32988 0.34030 0.31480 0.39982 0.30602 0.30218 0.30864 0.35024 0.38165 0.31244 0.25284 0.27689
0.22007 0.27140 0.29821 0.24770 0.21429 0.25502 0.23847 0.24304 0.23279 0.27103 0.21096 0.22165
0.27131 0.25741 0.24313 0.21070 0.22520 0.24978 0.21729 0.19973 0.21855 0.16464 0.20758 0.22034
0.19829 0.23592 0.24055 0.23557 0.22681 0.23467 0.28395 0.23816 0.22874 0.33498 0.30818 0.23446
0.30216 0.31588 0.31604 0.31986 0.31424 0.33990 0.34175 0.34333 0.36130 0.39474 0.27822 0.27402
