0.14902 0.24314 0.29412 0.29804 0.29020 0.31765 0.24314 0.29412 0.32157 0.27059 0.28235 0.32941
0.22745 0.27059 0.31765 0.33333 0.25490 0.26667 0.25882 0.27451 0.29804 0.29020 0.29020 0.24314
0.24706 0.24314 0.29412 0.23529 0.25490 0.27059 0.24314 0.25490 0.28627 0.24314 0.26275 0.23922
0.25882 0.23529 0.25882 0.29020 0.27451 0.30588 0.25490 0.26667 0.25098 0.33333 0.26667 0.25882
0.24706 0.25098 0.30588 0.28235 0.23529 0.24706 0.27059 0.23922 0.21961 0.23922 0.28235 0.30196
0.34118 0.36471 0.27843 0.29412 0.37647 0.27059 0.36471 0.21176 0.22353 0.20784 0.23529 0.27451
0.26667 0.21961 0.18039 0.16863 0.22353 0.29412 0.29412 0.31765 0.28627 0.26667 0.27843 0.26275
0.28627 0.32157 0.27843 0.34902 0.40784 0.34510 0.31765 0.41176 0.30588 0.36078 0.35294 0.43529
0.34118 0.26275 0.47451 0.35686 0.39608 0.48627 0.45882 0.36078 0.45882 0.30196 0.46275 0.56471
0.74118 0.64314 0.48235 0.61569 0.38824 0.50196 0.42745 0.47451 0.59216 0.49804 0.59216 0.72549
0.23529 0.66275 0.67059 0.45098 0.37647 0.90196 0.52941 0.61569 0.25490 0.52549 0.58039 0.85098
0.58039 0.56078 0.65098 0.40784 0.44314 0.52157 0.34902 0.40000 0.21176 0.37255 0.31765 0.45490
