0.24885 0.21472 0.18622 0.25414 0.23271 0.18053 0.17962 0.28364 0.24815 0.23968 0.21695 0.19539
0.26157 0.24774 0.22919 0.25185 0.25804 0.26375 0.27192 0.21418 0.32940 0.43553 0.25959 0.21004
0.34848 0.26475 0.23229 0.27314 0.35931 0.34987 0.21661 0.27319 0.22759 0.54159 0.27531 0.25762
0.34826 0.31780 0.38837 0.36492 0.27205 0.39627 0.29476 0.40316 0.43652 0.46041 0.36664 0.31863
0.37874 0.26496 0.43029 0.45969 0.49744 0.51968 0.49748 0.49349 0.55871 0.66375 0.39401 0.41024
0.51994 0.65751 0.51102 0.45332 0.66727 0.74622 0.46565 0.43569 0.40074 0.61724 0.65872 0.44905
0.63599 0.77977 0.79249 0.69480 0.76388 0.87144 0.81270 0.77872 0.89060 0.74072 0.65267 0.52855
0.53669 0.62857 0.61202 0.35622 0.63933 0.56113 0.44095 0.55763 0.71713 0.44335 0.42022 0.30419
0.16010 0.24502 0.26302 0.22600 0.19086 0.23389 0.29326 0.25212 0.17711 0.35029 0.22279 0.25586
0.17358 0.25832 0.23683 0.25017 0.24469 0.25815 0.26294 0.27983 0.19996 0.27214 0.27103 0.23645
0.24518 0.24396 0.25491 0.25886 0.23776 0.26378 0.25982 0.23598 0.30633 0.32697 0.28735 0.30319
0.27757 0.24341 0.24144 0.24227 0.25505 0.25105 0.24527 0.25910 0.29824 0.30071 0.29970 0.32161
